194
652
301
718
419
687
351
481
046
883
979
100
043
708
282
874
891
797
255
608
363
0978
969
024
143
162
330
179
893
204
778
605
002
065
379
979
938
807
333
886
620
545
750
819
589
866
980
785
243
171
602
291
488
472
894
811
040
536
942
529
573
019
102
532
003
032
054
182
219
434
335
857
320
620
760
507
898
579
726
568
469
800
026
759
593
391
430
991
604
206
323
097
798
207
130
1863
901
132
014
499
831
190
937
439
233
731
946
572
987
299
636
949
977
996
975
766
471
935
594
331
424
016
846
308
827
885
930
689
846
141
004
435
372
834
278
085
137
7274
957
278
997
7898
267
859
315
3670
720
850
465
572
894
072
498
225
721
1512
470
994
368
121
965
522
574
906
591
050
472
982
116
358
882
796
464
652
706
708
160
276
599
798
961
413
767
912
490
234
890
4904
225
672
142
604
587
263
822
721
4890
022
228
568
748
634
739
278
019
899
056
295
629
168
645
705
973
592
504
952
830
599
786
872
439
718
061
907
5967
250
581
029
849
896
488
996
211
955
281
953
139
648
029
369
351
380
509
098
164
687
967
523
319
557
051
389
300
372
614
958
944
957
689
575
592
597
834
224
484
906
6758
4390
613
816
749
281
340
010
612
3798
334
086
284
248
514
788
4690
311
009
161
022
172
335
502
498
907
787
660
340
5613
936
739
065
196
796
247
007
954
054
707
214
777
701
428
663
279
764
620
436
3706
392
997
708
940
221
541
262
274
1571
649
488
781
383
193
244
787
409
905
468
300
888
085
788
843
285
671
379
242
919
750
6483
586
052
594
127
232
149
217
671
915
895
333
683
067
783
855
812
049
614
326
005
009
527
254
638
445
449
298
0784
346
927
496
999
9125
260
414
670
914
845
783
741
255
084
292
235
3342
025
975
1647
093
548
336
899
782
732
199
868
521
374
792
6976
685
028
043
372
701
014
445
905
225
593
428
775
726
820
935
012
387
432
9702
061
648
621
868
196
486
805
9960
037
212
394
933
362
294
911
283
762
459
2232
483
794
310
017
867
0645
544
417
0123
971
376
197
141
727
463
707
613
664
837
779
6139
869
995
148
490
9834
385
5693
844
387
202
657
862
299
293
276
788
626
305
111
930
701
812
276
240
021
811
616
446
247
666
426
487
944
682
799
441
521
536
752
597
051
188
428
580
739
696
278
0531
636
858
626
072
588
071
0993
241
286
148
655
037
536
728
937
399
566
532
615
890
496
285
795
151
827
898
1508
120
415
154
486
553
640
873
915
891
113
977
291
436
174
559
604
420
864
935
690
408
538
035
037
175
450
1079
830
914
009
649
921
047
455
531
407
074
744
151
713
961
8804
523
425
900
9094
204
730
184
435
814
885
046
030
089
519
174
352
495
976
556
7411
850
8079
5429
825
7831
312
204
183
210
558
051
827
570
324
951
951
326
383
8641
3684
463
380
622
093
317
626
077
8286
868
548
172
045
3116
094
762
587
4741
996
409
193
305
673
462
013
077
484
945
896
835
687
069
968
270
552
953
590
731
458
9897
926
329
868
444
941
470
009
729
996
209
513
482
522
865
874
070
433
137
468
427
552
099
242
434
027
889
729
081
261
700
060
551
075
983
923
038
841
9126
127
584
864
5953
488
461
761
957
811
286
766
260
396
606
9851
228
776
468
456
571
392
301
227
065
526
818
525
408
4612
861
7590
847
019
261
902
345
888
219
267
073
609
032
566
764
208
146
918
783
232
608
935
047
267
528
308
343
130
200
6790
755
966
874
208
290
560
347
968
892
326
9158
4690
668
945
278
2716
592
022
582
582
890
085
403
876
901
894
872
125
039
840
152
030
098
350
104
910
623
632
667
831
026
1014
790
687
746
984
280
213
123
025
094
887
8494
751
512
754
917
708
460
625
668
060
753
385
673
258
754
9961
025
601
402
500
873
034
033
426
534
229
601
134
909
169
837
853
363
518
474
817
474
240
905
724
075
631
761
7364
297
032
428
338
309
364
076
592
460
281
475
217
281
974
484
606
755
531
434
891
420
397
658
527
647
726
569
332
191
898
738
193
607
951
719
148
019
492
050
878
976
093
644
242
123
518
163
973
269
705
321
605
279
119
795
645
506
818
033
839
528
314
438
884
644
140
831
039
160
3783
215
437
937
140
390
380
297
048
582
984
310
837
356
049
174
700
437
956
8947
852
340
117
075
346
646
5331
951
3489
575
8135
795
933
397
716
058
968
927
631
168
140
798
143
038
339
222
294
487
680
531
984
112
974
694
518
925
567
758
308
885
249
0307
5474
758
329
348
918
458
055
303
087
9050
044
396
227
269
703
820
109
093
245
065
552
322
867
3447
790
390
041
817
873
080
564
895
488
016
357
6661
341
714
889
345
835
7134
305
505
212
901
532
817
190
798
592
793
572
792
430
403
080
736
221
8404
484
671
415
6520
580
160
015
597
024
831
631
612
902
072
367
268
830
256
833
5538
021
358
547
4692
771
825
594
003
430
504
368
815
807
840
592
615
109
025
748
992
1241
225
476
242
499
019
589
143
926
924
017
375
810
300
682
7409
1083
413
744
050
061
190
756
113
738
1747
454
0576
370
120
572
192
0919
0853
168
671
117
601
456
306
688
546
174
992
016
525
761
138
746
881
762
6880
150
111
111
776
463
704
931
4033
022
4595
266
156
564
672
438
624
989
7732
216
312
580
309
737
716
762
205
199
512
374
116
177
387
739
5784
789
341
881
845
534
113
520
842
832
226
201
574
891
671
620
618
843
749
0307
859
708
317
842
677
414
294
1860
971
663
770
409
278
7576
570
116
781
898
3845
104
780
348
712
077
044
182
631
109
440
909
242
779
569
239
369
530
266
138
575
9296
2609
652
387
365
306
443
215
995
926
061
640
196
857
066
084
267
516
336
222
536
870
7796
503
609
633
853
745
975
676
335
135
625
606
723
083
124
322
718
807
594
1909
836
004
246
8682
330
691
882
607
141
3638
014
1948
040
826
505
651
890
435
562
033
136
203
361
577
013
336
133
442
228
501
011
484
644
511
595
9467
229
080
255
809
207
124
114
510
323
870
919
687
333
378
675
010
185
072
019
3499
630
981
973
981
670
014
9149
467
895
016
429
217
212
504
309
484
203
193
716
482
1212
542
2354
083
594
521
658
163
083
036
044
575
621
418
522
023
867
728
812
201
919
4724
491
711
795
675
664
008
171
006
407
309
905
401
868
013
427
065
738
041
570
012
405
7863
816
0037
001
159
781
374
029
6762
182
511
048
880
914
6310
419
834
197
953
878
676
448
038
547
184
782
435
661
4752
204
507
454
9350
125
885
083
554
386
862
768
543
841
3051
587
2512
324
088
447
1903
2842
219
314
268
165
581
325
899
485
214
994
336
285
359
999
653
806
478
232
285
618
293
0642
172
648
665
952
374
103
696
752
331
338
189
278
726
758
5640
086
681
848
328
132
851
035
940
936
848
592
652
457
3441
818
258
102
428
028
737
581
355
116
367
336
758
636
166
446
0120
173
565
187
678
636
471
675
664
5542
037
508
521
310
897
959
886
020
674
262
392
115
256
140
935
233
505
725
851
425
826
170
855
868
590
066
038
698
230
136
848
803
647
941
5399
347
875
8184
611
239
348
636
918
519
311
072
842
186
743
2384
210
627
020
333
902
207
691
273
3799
777
331
730
989
213
744
852
3162
363
637
4349
542
889
167
857
880
826
813
227
567
970
371
561
805
430
421
137
868
864
354
5287
425
647
842
594
791
949
253
166
3915
226
319
072
968
284
073
640
163
6302
770
954
555
886
720
009
856
441
082
401
436
804
765
880
259
750
704
054
628
774
834
591
362
048
795
397
244
205
510
459
353
3733
269
638
017
182
885
851
815
0381
733
911
627
4153
410
0308
142
965
172
630
452
908
187
7193
887
571
086
760
319
788
526
560
226
579
148
161
080
9972
611
108
346
865
6930
834
692
829
971
004
992
168
737
626
320
844
327
933
387
532
463
173
743
902
531
117
559
971
2708
964
6383
5620
2366
433
235
221
025
852
757
397
748
018
390
832
7830
080
325
017
708
960
405
646
045
355
615
506
009
312
045
426
821
625
002
069
596
927
432
179
171
886
719
191
537
050
181
877
472
933
067
756
405
803
243
086
027
066
313
788
230
148
0806
730
134
354
990
949
630
232
828
953
151
867
108
825
329
094
431
755
635
995
520
9090
382
097
967
934
297
139
588
4445
194
059
3170
005
089
531
030
734
457
275
941
187
266
119
482
358
206
556
634
531
958
228
628
0934
524
030
288
546
014
364
679
177
068
231
250
495
177
231
599
6487
859
284
381
519
525
1378
317
142
574
394
536
102
653
8293
953
074
7058
203
898
688
7810
703
845
601
302
498
043
9078
2297
893
738
443
917
486
901
208
332
159
272
195
071
534
308
701
2693
373
398
725
623
805
543
444
155
945
598
032
278
370
078
5356
754
936
3471
181
450
536
914
2147
1924
161
480
481
738
875
970
868
386
593
500
447
714
921
345
433
885
577
2411
410
950
106
802
073
9957
981
159
307
168
073
148
880
141
958
569
521
071
5052
078
132
276
902
007
892
4085
895
585
217
605
694
998
841
983
5809
445
772
713
381
848
332
040
338
711
878
423
603
870
242
946
965
840
676
938
981
322
050
344
499
244
161
224
260
265
739
973
667
168
510
781
558
086
722
643
322
923
018
671
632
602
372
445
178
913
684
069
898
594
624
977
360
459
460
217
456
264
412
313
607
853
2234
505
418
205
441
306
663
424
010
371
686
626
368
340
120
774
030
545
209
708
825
164
538
432
626
312
979
447
059
6716
1728
099
939
309
518
819
884
399
127
166
758
272
669
971
587
155
8061
018
755
894
444
636
957
4765
405
847
972
918
465
104
8279
954
885
725
293
175
1488
779
265
720
644
005
465
6212
032
569
1034
982
161
467
202
684
122
491
708
505
110
430
982
910
898
107
934
626
074
355
211
047
651
388
531
442
767
948
762
918
101
5972
355
610
653
253
157
876
953
787
3553
183
490
718
468
319
459
911
145
386
808
237
719
463
2414
0405
478
344
523
147
132
524
509
388
624
618
6117
973
292
104
304
130
787
283
630
526
2678
572
006
872
706
967
114
226
468
416
476
546
235
724
046
838
985
615
502
1424
286
768
364
729
826
698
277
786
464
7905
679
594
5232
746
766
8091
235
278
011
079
636
358
285
128
917
124
320
077
645
574
027
794
363
558
7481
528
233
195
910
508
586
664
008
947
223
958
332
565
349
790
193
009
088
070
421
597
6189
614
329
601
3826
233
824
345
4385
9541
703
797
664
899
449
700
277
258
722
449
530
941
3281
932
903
647
657
5388
431
084
8042
766
427
785
8224
349
218
599
672
727
165
948
580
636
504
815
738
760
652
121
036
419
103
103
342
074
384
717
799
161
257
098
303
166
192
872
4037
073
457
179
052
064
204
782
914
556
890
763
042
599
636
829
810
3178
578
3799
449
637
826
337
442
998
871
7061
964
512
627
458
7389
936
388
286
454
834
5779
029
705
240
930
015
327
165
316
754
382
923
846
017
3822
942
224
168
094
888
0121
993
746
739
389
7942
102
477
796
101
268
164
914
2694
281
703
477
070
671
629
647
388
683
242
684
397
940
977
028
980
182
210
1601
029
638
644
491
240
061
6070
758
180
9616
393
373
039
559
029
361
909
866
3888
904
038
708
3198
908
636
527
305
2567
130
2993
920
217
021
984
513
261
392
158
924
260
864
214
482
144
0622
208
328
668
914
968
296
144
341
793
410
178
110
233
804
258
643
842
4901
214
681
946
872
708
057
282
677
832
704
297
788
