76.844
11.994
22.362
76.9
84.35
6.69
56.606
4.538
18.5
76.12
87.612
92.234
60.888
68.94
2.315
73.724
0.76
99.565
11.459
43.36
74.532
64.194
74.63
68.21
25.324
38.909
9.457
79.764
4.537
42.712
5.141
62.822
53.854
52.597
20.35
19.459
79.567
26.677
12.678
86.635
99.313
81.437
60.442
56.349
26.105
27.591
64.162
52.787
99.667
67.668
92.989
36.25
97.188
87.448
53.477
6.519
0.984
14.694
94.876
1.691
87.164
33.701
71.382
26.857
15.16
3.81
70.947
59.863
16.151
44.424
52.75
79.232
26.163
21.349
53.455
10.948
17.75
14.247
85.31
11.902
42.946
77.792
9.516
14.603
56.253
11.532
44.218
33.111
21.208
9.703
13.155
64.686
79.428
76.753
80.773
32.8
16.41
64.818
20.564
42.357
55.541
70.656
73.78
77.603
15.449
89.437
3.5
98.279
68.265
40.448
46.739
5.571
88.17
98.988
74.653
73.365
94.697
82.792
16.399
22.987
26.61
44.183
89.882
89.11
53.311
46.14
28.484
90.73
84.726
88.769
79.572
50.424
70.778
45.204
97.669
35.708
69.324
20.212
16.759
72.72
25.272
69.188
18.139
48.507
55.823
1.629
68.919
22.656
54.163
74.446
42.814
57.53
48.231
47.256
8.209
79.668
66.158
64.76
25.183
41.718
68.911
22.6
65.437
75.752
80.627
84.92
48.808
71.74
75.581
50.226
44.36
77.469
37.788
66.885
4.495
83.703
31.448
81.811
75.885
63.426
74.588
86.661
74.677
14.987
53.897
10.551
2.377
12.5
7.206
96.432
86.65
6.578
32.761
57.755
54.645
87.347
9.303
34.664
42.508
69.457
40.465
57.426
54.115
24.46
6.433
57.41
82.724
39.338
15.141
13.74
61.322
73.34
10.22
88.345
93.73
1.738
53.44
50.48
96.696
32.811
51.174
88.711
93.176
25.354
70.488
81.435
91.44
90.739
43.43
31.56
49.364
95.167
18.511
46.664
24.686
82.554
36.912
12.44
86.511
29.111
28.496
90.944
48.936
20.401
96.642
88.41
6.632
20.29
89.249
9.4
13.859
24.21
5.13
7.955
69.678
74.766
14.651
54.562
37.46
72.917
51.639
27.934
41.202
91.481
75.807
22.764
71.289
75.564
69.19
68.65
29.788
46.818
33.217
21.315
11.397
52.493
3.349
74.649
48.37
90.562
49.519
53.73
77.685
20.79
34.937
65.585
45.545
97.999
36.892
88.129
88.55
76.367
89.219
14.769
67.527
96.3
88.901
62.393
21.482
57.42
13.877
3.681
10.492
42.699
88.746
95.647
99.533
46.519
74.2
80.585
98.779
4.99
98.636
71.179
18.344
55.947
64.513
89.392
17.127
39.786
47.818
28.136
9.233
30.268
7.682
52.93
50.573
29.802
96.52
21.2
28.91
41.905
16.966
61.164
98.922
32.83
55.331
62.531
23.237
20.318
71.69
84.633
19.365
25.517
84.659
20.38
36.482
57.961
9.549
35.9
33.635
72.527
99.797
69.749
12.325
40.2
17.572
29.735
49.288
0.832
59.868
94.828
92.405
37.83
93.109
10.223
72.499
16.305
59.756
69.491
25.488
21.765
58.332
15.601
77.658
53.633
48.19
20.789
87.54
71.555
57.964
51.74
6.365
93.894
41.592
52.46
64.1
10.83
93.772
53.937
95.46
19.276
55.981
83.38
13.54
77.177
44.521
63.108
55.392
66.728
59.2
3.59
79.64
51.344
18.345
74.888
82.36
48.796
12.813
6.288
47.556
59.883
64.844
63.123
81.55
10.739
49.689
85.818
27.375
80.618
57.581
43.145
17.35
67.837
30.655
22.6
14.883
34.346
58.348
24.49
85.386
67.211
12.465
47.741
6.424
95.71
21.313
78.268
93.938
91.126
97.348
89.705
81.416
33.786
28.992
73.587
73.55
80.458
79.92
78.777
3.772
42.903
35.793
64.204
42.221
97.329
80.61
39.412
21.433
9.272
69.726
49.158
77.871
42.855
55.524
49.661
31.63
35.733
77.845
92.91
86.386
17.392
16.57
85.88
46.34
56.875
58.345
89.684
36.745
98.549
54.791
25.588
10.704
24.59
23.347
69.919
38.71
18.67
48.814
48.209
77.372
80.609
95.58
79.726
83.465
6.697
5.14
7.789
8.577
63.448
64.23
67.33
7.148
64.38
6.78
2.526
9.678
44.131
80.64
81.523
24.275
64.865
55.98
12.47
0.351
49.279
14.536
37.638
53.953
62.847
45.278
32.442
65.805
14.155
41.635
65.273
77.554
89.855
53.948
65.418
49.816
31.92
0.532
4.162
82.287
57.64
78.366
91.767
1.905
1.123
68.959
97.645
66.26
52.577
69.953
38.6
21.857
39.615
74.1
61.622
32.628
11.979
97.715
56.751
27.997
38.611
93.511
15.16
66.971
35.398
78.777
29.763
81.85
83.389
75.889
98.562
16.786
21.429
18.676
98.728
0.714
43.274
43.287
43.608
50.98
82.901
83.388
22.882
9.308
29.503
6.377
10.227
73.695
85.837
1.732
62.454
2.204
9.397
68.906
43.401
99.567
84.207
2.193
51.569
98.551
37.7
38.982
35.3
0.59
91.29
96.233
87.502
40.402
9.3
35.335
72.404
49.275
46.548
77.747
30.6
67.81
84.254
67.135
79.902
74.725
45.879
10.371
64.89
48.896
64.549
92.32
2.935
10.64
2.141
25.577
26.162
49.263
42.548
31.153
38.462
19.228
62.948
36.308
75.6
6.836
13.981
77.83
79.108
40.131
27.683
26.762
63.378
87.5
20.594
98.948
30.444
41.22
38.164
51.488
98.105
57.45
70.338
24.173
70.693
88.33
60.768
61.226
67.963
74.629
60.584
60.404
97.71
64.594
79.516
32.185
79.954
0.385
48.863
68.936
22.132
0.992
79.89
1.516
35.782
62.338
30.93
51.999
47.23
92.458
56.631
0.619
97.445
84.917
57.289
87.66
67.275
75.887
52.548
50.947
12.599
0.595
55.539
62.911
25.47
63.265
85.799
37.598
92.653
26.823
67.782
53.587
76.588
99.839
77.522
62.574
34.455
94.49
78.302
75.891
30.571
2.878
51.543
76.626
46.525
19.866
34.465
16.742
71.672
99.373
87.235
45.77
21.751
31.332
84.975
83.989
53.374
72.9
61.566
73.411
72.905
83.906
9.238
28.811
18.877
83.51
62.25
89.898
34.23
5.585
30.531
32.624
53.992
29.701
24.611
71.475
18.95
51.3
67.679
45.211
76.261
82.484
99.487
26.42
80.4
63.936
69.996
41.269
64.738
32.493
92.524
99.414
21.162
39.968
99.34
84.58
36.301
3.588
35.674
72.271
80.243
78.269
7.985
95.341
44.84
21.416
2.68
17.552
88.815
30.342
39.577
42.954
71.327
34.787
11.594
38.35
96.558
85.6
37.135
62.7
23.963
11.382
22.395
1.809
90.981
83.572
67.35
28.183
55.719
61.485
83.747
65.699
83.22
5.94
22.561
22.43
79.156
58.311
63.852
40.809
19.839
15.186
36.123
46.524
3.33
78.459
60.652
21.901
95.44
72.316
29.612
15.685
55.54
58.41
69.345
40.944
79.715
2.388
29.78
1.1
28.239
95.111
10.109
0.19
11.159
89.311
41.635
28.729
17.159
49.912
85.856
87.708
85.615
24.781
26.213
86.997
49.294
20.494
5.68
92.814
10.772
2.2
46.728
85.274
41.858
34.31
23.772
80.89
17.404
44.435
94.319
39.807
17.665
0.68
44.7
41.659
62.676
0.775
80.14
14.348
99.435
34.416
49.765
4.194
37.603
21.299
2.936
93.138
70.232
40.75
97.153
70.356
14.237
79.6
32.0
5.14
37.191
57.337
25.16
29.731
58.126
39.844
22.653
93.968
78.126
25.292
99.31
95.862
65.875
3.99
34.95
56.709
12.74
97.388
73.4
12.5
41.4
58.164
12.455
4.193
31.963
88.414
51.986
13.829
73.189
38.9
82.656
69.512
74.458
1.835
14.51
65.954
38.777
33.873
51.278
66.13
40.777
41.312
60.11
50.945
74.72
47.777
63.377
21.701
78.654
71.702
35.946
86.927
31.186
30.333
35.805
2.191
40.58
21.674
6.14
4.357
82.305
72.257
47.76
41.214
20.46
34.279
18.552
93.704
92.73
80.918
94.736
23.914
73.886
86.73
21.952
95.163
53.669
14.316
6.962
20.613
18.333
28.277
26.956
69.56
43.662
54.11
82.551
81.27
58.52
11.527
29.296
95.983
76.797
30.748
51.255
42.71
40.288
17.907
31.625
80.767
7.827
9.307
74.417
81.439
16.156
50.634
93.549
36.71
49.987
86.649
91.809
30.995
67.734
49.177
58.126
40.569
38.166
40.833
31.353
61.741
93.551
47.787
86.374
5.358
2.666
91.146
15.656
37.63
36.94
10.149
12.195
41.26
28.243
10.238
59.101
7.256
28.275
74.332
17.412
16.447
73.92
47.118
75.237
82.728
27.513
93.799
79.3
58.725
36.641
42.445
12.514
28.628
57.385
96.87
71.327
63.33
27.606
64.741
90.286
35.658
55.754
83.579
98.449
45.754
42.23
80.99
88.352
71.7
30.31
63.368
29.514
87.256
42.56
56.689
92.278
73.315
9.71
69.149
33.195
35.323
85.953
1.773
84.351
70.14
59.579
92.161
67.296
71.618
42.481
27.293
61.702
71.44
75.937
84.695
48.14
70.106
77.31
3.575
77.741
88.838
30.97
75.375
34.22
31.702
68.98
43.591
23.385
4.757
33.72
8.207
46.86
70.555
64.688
25.957
17.164
54.366
22.643
73.16
59.408
99.406
78.419
51.456
4.23
18.973
57.199
76.483
28.166
97.596
40.44
84.698
50.613
62.759
25.357
50.94
72.223
2.402
34.882
47.271
22.19
23.876
69.842
7.803
23.476
78.482
89.537
89.242
93.69
94.111
43.414
56.48
36.73
37.554
42.165
17.264
12.19
82.519
86.549
32.267
35.593
24.462
82.4
81.192
22.525
4.668
42.248
20.56
98.112
52.857
94.16
15.38
97.918
13.401
63.545
31.721
25.622
19.937
62.196
96.558
81.337
54.961
73.849
69.833
61.726
64.376
88.337
50.105
61.906
49.394
20.876
69.878
62.962
89.961
96.222
35.352
56.628
30.68
1.749
91.53
72.773
96.571
9.879
60.111
87.392
41.702
20.429
79.927
91.345
63.831
31.299
93.941
33.248
49.469
83.263
87.323
26.755
73.448
64.577
8.815
67.988
4.275
56.232
8.865
9.799
53.624
59.615
59.742
63.232
54.708
11.73
24.288
3.732
43.22
7.31
15.386
7.464
3.372
32.704
49.651
87.946
54.4
21.349
80.464
41.829
69.774
10.396
51.619
86.136
96.974
94.895
42.887
32.554
84.703
14.105
37.777
77.46
17.431
69.287
58.951
85.202
44.795
69.341
24.267
89.792
62.343
22.342
36.413
77.537
12.335
72.809
56.584
79.806
79.578
76.961
1.573
83.718
66.4
67.498
79.837
71.83
22.237
97.5
50.669
67.919
5.608
6.78
58.396
54.123
85.4
91.564
36.331
0.446
63.999
17.31
61.771
33.13
84.979
16.161
57.638
62.561
62.819
89.639
0.176
88.117
13.19
27.245
44.732
98.458
5.508
93.895
71.605
98.846
49.314
84.832
89.43
17.752
78.21
51.941
88.302
13.144
34.242
85.867
77.794
28.471
32.57
67.804
87.344
30.837
56.366
39.823
50.58
39.693
78.97
6.28
36.27
38.37
34.883
30.988
74.41
8.86
99.953
20.673
40.82
93.61
64.638
18.855
13.897
71.702
65.721
30.539
73.47
86.979
69.768
82.69
97.955
74.408
61.18
3.928
72.568
0.29
5.55
50.58
97.109
42.388
76.526
99.948
26.596
48.73
15.112
94.98
49.819
3.799
20.832
30.519
35.82
49.99
66.649
23.84
38.631
92.542
13.244
49.526
17.986
34.72
74.418
27.475
36.36
56.355
58.472
73.22
87.245
29.496
50.361
57.307
43.79
21.303
3.535
71.173
70.545
62.502
98.233
65.943
92.45
42.423
79.167
32.44
12.6
39.201
16.761
14.768
84.444
17.962
92.72
7.144
91.983
76.323
35.572
94.542
21.483
19.37
59.42
98.555
11.569
67.394
2.298
5.203
26.248
32.199
93.507
33.129
54.1
69.567
28.404
66.933
86.161
61.282
95.721
23.989
95.119
89.258
97.55
53.142
51.611
62.368
55.528
4.507
26.573
29.15
15.44
52.318
25.429
29.13
48.237
18.392
68.143
46.75
18.535
52.829
97.488
38.858
68.247
70.738
98.518
75.404
30.165
13.404
59.501
94.687
64.946
33.126
69.267
28.803
57.97
51.551
24.282
30.654
32.344
25.291
48.517
40.579
76.498
35.622
0.191
14.37
1.762
18.76
85.237
82.58
58.556
5.426
80.266
31.542
45.47
91.273
37.762
27.35
59.915
13.473
30.988
64.5
2.628
9.909
64.226
3.791
75.827
21.922
25.98
10.755
90.888
8.908
17.656
23.923
71.492
73.661
97.795
6.346
42.949
81.824
77.33
52.48
65.311
23.266
73.524
91.91
60.228
8.332
14.947
42.919
83.771
25.698
88.58
33.585
65.85
0.949
28.91
22.919
87.83
44.897
98.81
41.49
15.911
0.739
77.52
51.512
90.636
68.8
14.433
77.336
18.61
2.634
32.197
93.16
16.113
22.707
86.802
69.482
49.377
65.33
83.294
21.918
98.698
19.365
88.743
15.42
37.298
2.837
24.519
75.194
88.319
62.123
99.633
40.542
20.95
95.393
25.523
14.527
34.205
59.751
62.334
39.768
47.708
69.115
31.253
12.463
85.405
18.178
24.793
47.658
95.4
86.311
1.933
69.28
23.952
14.842
20.455
0.159
16.288
3.78
99.0
56.381
24.64
35.989
76.727
78.541
45.917
46.663
76.362
5.319
61.237
90.459
20.479
59.346
84.691
99.298
4.445
84.19
64.458
7.756
55.189
30.41
48.757
43.686
64.401
27.713
72.627
88.388
47.135
40.614
9.1
91.368
22.439
81.574
11.952
98.495
69.718
86.401
5.319
77.6
13.519
26.543
74.551
91.12
6.778
51.134
2.456
81.503
30.48
16.818
46.813
71.153
4.831
96.516
85.976
35.389
97.296
41.692
98.292
81.355
34.258
99.284
13.603
43.94
52.926
57.898
62.151
2.382
58.745
52.119
9.494
84.816
32.757
44.21
44.48
12.554
5.392
49.938
7.198
21.306
5.252
35.442
37.658
61.525
20.89
72.264
61.816
57.157
35.686
63.118
51.901
56.388
86.616
29.746
2.686
2.32
81.503
75.72
42.592
65.808
13.135
63.31
30.74
83.611
87.521
9.53
79.567
75.77
6.642
77.629
42.959
97.84
59.943
53.565
68.886
37.92
24.138
85.746
57.674
92.476
12.647
9.949
82.923
46.798
36.695
84.755
11.485
62.33
54.319
97.35
41.689
93.445
52.346
9.879
62.901
18.741
3.528
85.655
6.16
68.754
81.384
7.76
41.546
22.27
51.524
23.377
61.661
75.274
99.19
63.6
46.269
38.175
80.157
19.102
38.81
50.732
12.643
97.329
36.527
96.486
79.756
62.624
98.353
55.732
65.968
34.193
80.5
89.852
40.77
80.625
29.236
61.147
43.356
41.37
94.954
45.212
95.421
73.303
75.913
97.606
50.615
36.704
42.865
93.624
5.414
46.925
99.523
43.4
64.746
57.0
80.69
34.164
52.903
49.193
79.913
30.291
90.862
56.796
10.668
45.15
66.298
31.429
58.667
29.704
71.856
59.74
73.511
17.812
22.291
68.92
94.665
44.274
82.258
12.521
36.28
83.671
27.371
40.855
75.6
56.774
45.792
84.526
97.683
53.58
99.831
81.76
70.374
64.564
13.73
73.154
50.777
82.875
15.269
68.836
76.425
57.343
97.587
27.917
2.71
41.57
25.747
77.3
50.95
52.29
61.301
91.4
2.534
39.91
15.88
70.8
61.543
37.144
3.44
69.536
23.84
51.881
38.751
95.276
79.959
24.7
54.496
22.125
70.103
81.888
66.686
97.465
25.893
26.445
20.387
85.114
99.195
94.554
1.657
81.68
80.299
23.228
48.537
96.27
53.796
2.32
84.557
97.809
52.994
20.4
41.913
52.123
33.947
78.28
35.646
65.44
7.444
12.82
3.4
29.804
40.331
58.21
37.584
26.727
27.13
68.884
97.753
9.245
38.438
67.127
63.706
12.553
11.952
64.418
16.576
88.743
48.805
2.454
59.735
79.653
43.976
49.561
7.396
36.282
67.557
69.733
89.183
77.678
13.638
22.468
6.748
71.47
22.62
25.433
91.87
68.868
95.485
93.931
55.251
17.198
70.156
98.136
17.493
50.747
37.724
17.735
45.568
54.356
70.961
56.123
69.271
48.704
82.188
89.791
81.932
5.189
68.636
82.258
63.794
64.966
33.108
87.98
66.41
55.534
29.769
99.44
50.203
17.88
3.456
21.757
20.64
43.77
73.226
60.719
6.783
56.331
21.691
69.471
99.482
69.566
76.225
67.892
6.688
7.391
41.625
18.242
48.516
54.599
37.409
6.34
50.874
39.968
48.633
46.3
6.96
98.225
72.668
80.764
92.469
49.269
10.378
14.254
29.913
2.46
78.4
26.35
12.552
62.66
1.398
3.202
97.55
92.903
12.664
65.935
76.462
98.298
69.72
12.652
47.693
67.429
11.212
32.572
12.607
91.992
69.806
12.67
11.94
51.785
29.904
66.718
50.947
12.624
24.811
1.242
1.906
7.91
45.414
34.8
1.652
40.719
83.73
71.54
56.18
24.217
87.917
15.785
86.277
57.48
92.131
97.513
47.214
54.879
20.168
65.977
7.106
30.178
82.641
9.493
14.45
81.914
3.811
83.329
22.114
25.9
21.349
28.19
99.63
5.67
9.848
42.327
20.332
52.251
84.307
15.307
69.432
40.629
41.9
37.675
23.428
86.519
98.65
9.986
10.51
82.33
64.226
34.397
12.626
55.54
25.834
93.497
17.503
19.68
14.539
40.687
58.83
55.412
26.384
35.664
98.352
29.515
54.427
5.583
97.326
15.264
54.5
6.796
64.535
30.768
48.84
26.964
29.624
0.894
83.32
64.817
87.61
55.85
66.46
19.177
57.442
4.877
7.98
7.416
39.925
74.92
13.599
61.379
74.202
30.215
41.908
95.833
97.175
48.768
51.423
69.157
43.717
95.541
45.926
34.598
88.937
32.795
60.508
55.569
12.645
18.322
71.238
3.271
14.41
23.46
30.275
72.254
64.819
25.332
94.169
46.802
23.19
82.839
25.24
77.589
9.602
4.696
73.35
17.415
96.609
77.359
58.627
29.341
59.28
37.87
43.441
43.497
63.476
48.791
46.71
65.666
90.328
24.747
90.159
51.632
42.407
63.267
84.157
93.92
93.151
70.56
80.121
76.217
72.933
43.915
40.414
35.408
36.901
19.939
57.95
69.342
92.898
4.856
39.955
20.229
91.667
6.869
58.538
55.1
71.755
75.983
93.415
44.757
20.328
48.92
47.903
90.646
41.317
62.1
26.544
2.655
33.305
26.477
12.516
31.171
38.714
47.768
41.4
20.413
1.985
25.272
75.2
6.314
21.712
71.328
78.665
45.235
88.913
38.584
58.248
96.421
63.9
10.113
97.861
13.949
91.116
42.444
81.667
36.326
19.865
73.233
59.934
52.219
84.906
77.799
37.187
81.812
93.747
22.944
80.706
91.712
20.237
22.297
9.148
9.628
56.602
33.2
80.301
20.139
42.136
64.373
68.625
4.707
27.105
19.995
87.954
40.15
36.513
81.599
41.277
30.947
45.315
92.317
6.18
7.881
95.884
55.188
33.557
16.495
94.594
0.631
8.998
37.429
17.65
96.378
74.187
24.767
43.741
68.166
13.83
70.991
4.483
83.439
30.935
91.285
89.755
81.149
26.801
64.426
7.9
6.259
32.857
76.414
87.486
92.82
47.745
81.886
8.726
42.647
60.2
42.543
1.95
79.996
44.172
84.45
62.483
70.712
20.306
5.569
8.628
77.874
1.188
30.471
2.563
21.414
1.362
81.401
81.147
16.467
29.152
69.286
25.377
54.981
18.5
15.863
87.373
55.182
37.585
16.398
26.642
28.731
30.347
85.74
37.619
15.303
74.703
39.377
89.93
66.108
72.166
49.687
92.783
69.232
67.565
23.999
2.232
82.854
37.578
22.393
10.717
9.686
10.224
33.77
19.193
3.164
93.421
39.301
44.925
52.638
42.833
92.51
82.528
99.389
18.984
24.375
52.848
74.23
94.313
91.909
16.405
19.969
18.114
49.591
20.197
46.455
36.685
35.129
65.1
45.474
8.623
99.874
49.862
62.629
57.509
53.724
48.13
93.75
14.644
62.704
78.11
69.632
48.677
25.117
98.487
36.879
73.531
92.457
28.656
4.7
20.911
13.105
89.771
75.55
3.186
8.694
29.295
59.37
44.461
54.594
60.36
97.755
6.283
32.25
64.604
58.876
81.444
75.83
16.824
3.257
97.64
65.938
92.31
10.839
30.192
19.647
77.987
78.196
33.528
8.678
58.264
4.648
84.236
25.905
58.41
3.258
15.678
99.585
34.708
83.348
32.539
44.273
44.701
62.754
18.3
92.945
48.111
2.641
91.2
37.808
69.323
51.801
10.4
76.654
84.135
7.732
42.421
53.17
34.199
14.26
76.213
37.639
85.909
59.653
83.699
2.891
28.405
40.801
98.94
54.837
73.794
38.263
45.642
45.27
38.315
40.82
44.433
73.162
53.333
9.707
91.73
0.536
59.563
36.454
58.526
30.562
43.652
82.166
14.369
13.757
14.955
73.374
2.662
82.711
61.599
11.126
79.913
3.208
47.426
66.9
68.33
99.884
18.99
19.979
86.617
37.445
85.439
72.141
39.952
27.982
2.62
68.216
