05234855005
06234367850
01274159578
09539463249
05229647427
00438535062
05615755758
09099389328
09818395937
06433842715
04920612228
00880742230
06166459148
09191648797
03035843072
08998053668
00857005055
01107117669
04908820360
06594773850
02144923598
09127718147
03707504816
01905338690
04284308141
07568704007
04913466763
05942331801
09283139157
05818089711
04164174735
03387681255
05144249136
02161290775
00514651658
05319597233
01373841845
02743211942
08876950966
06106103911
06663230025
01223163245
06716235474
08854331677
02440818730
03018651376
06696765633
03619142803
02781568333
06744646410
04523680717
02044562266
01041444587
04045999045
07734295745
09909760045
07982178664
00434907961
02267121556
00755167603
07074509867
03037414054
08095275557
09753865820
09848120719
03465813193
00097620772
00950145634
00817703968
08586572853
07745337710
00488188944
02445983163
09913523676
02407003204
01847751403
01859794748
06210205742
07480526965
00242256461
01621112200
02098149913
07969525501
07602558309
03352287400
08089491921
02709100497
09062025344
03313232840
01194976831
01082466156
04973485469
02745409503
01256024150
08386742102
02910588178
03256960024
05052852619
06987979682
03780822798
00735767723
00989934539
06429245148
00612183511
03368190022
00734982059
09380168673
04870320947
08986439360
02081069779
06696892110
05926395382
02247247507
03577448935
01573337317
02682175759
02369204683
03426292055
03339933806
01928036648
01073706539
06532751004
09211303073
01315217258
01080383844
09483555837
01394904368
08792639240
06919039812
04115211593
05678241464
01987904811
08418252187
06867920328
09740854437
04344949786
05159358465
07685551499
00361258311
05093899562
04436487737
01293652360
02793259682
04402559876
05182184669
05967716235
09657114514
04628160053
04552478142
06508374113
05301439061
07288218307
06588728154
01998077467
01701695395
01542449067
00281737077
08976097590
02514322153
08150347132
05602802819
06066422091
08686769491
01440188355
09444276057
01027795382
03766675783
00548507007
07957484396
05231749536
08550688875
05231323723
09620146556
01475273172
00872932297
02072545695
04286842606
08427572171
08950865955
02092847158
02979128140
01732878210
04324748903
01845255172
07035153054
04011341957
02340388091
02841178035
04807882217
08828833819
00274917836
04766508904
06863467021
00073491934
01967344911
06479649108
03244515660
03438696305
07871130351
08356462584
01981458073
07476657409
05035651681
08952136646
00817047632
00042925536
02623232545
00848770027
00462363381
01192052776
04899250996
03534321119
09885867707
04738935943
07846022969
08377067878
09489829152
07879109959
08604749382
04250330190
09094516131
01812594670
09090282307
00585432973
04371158941
03541213761
00897790064
02511593553
04602913340
01617547951
06394186271
08715202922
02138972469
06790940662
02982667281
03487357453
04626208186
03661921989
08714802816
04483056867
08322666773
06393706346
00883911444
03068229243
02579093640
04589161324
01488729748
09942165536
05520187861
01799590444
02644269074
00454234098
03638157524
07680882302
01167497157
05917973143
09427141192
01604267727
06913591290
03567533044
01272350569
00176910174
02582198385
01281804410
07092431655
09263579042
02644833124
00261683346
09497348532
02179039260
08952149502
06476845558
04389472263
00421710763
06197651705
03501667304
05847274690
01705440050
07506759572
08773981901
05291865459
08631821962
04200886367
01065794207
08860272939
09330464023
01020453685
07182392176
07175929943
00786889544
04786028501
01721180484
09757438742
06569646413
06239498992
07404978702
09781097169
09327196814
06415721877
08887158041
02608805032
05391410937
01254163541
07622353582
08491348091
01454004469
04045536856
07313615085
09600797873
09028149452
05943141166
02162222837
01749964068
03023852445
02817354734
00068732103
01600041321
03475737057
02755041543
00846240517
07384768250
09495406369
09178792778
03854877896
03485807565
08475583272
06406858359
05277992912
06976235850
02750558572
07239645452
08942316809
03402882826
04256886904
07849656333
08133828369
05555964845
08188676482
09075599963
07340891491
05647489394
08726785499
04021568354
05964650594
05041614142
01414225220
08234145174
06919113504
06762774834
04822611803
08833720267
01753789578
04329182867
02618014310
06417447842
05237248748
04801528013
04080232629
09793066153
07021971039
08177761354
08152323166
02205448459
00820902594
03073838009
02193771148
09649676553
08344539516
07813722204
05879397780
02497380443
02411132652
05314873379
06098182860
00917539084
04806943942
02246429870
08206754398
04303039262
01310806477
07400760456
08316876557
09959182525
06448540128
06526107512
05944037798
09250563792
04560214008
02707906493
04187688992
07036706488
02734051946
00716589477
05052649960
00911051119
03926592314
02536208038
08103607124
07180409527
09763777997
06239733583
09391939026
03369214465
01447501390
01137933977
00944344576
09970799432
02686897467
01771834838
05023628058
00934021622
06417264256
09141391268
09831174974
00818310788
03329704761
09178712711
02998867829
05643032158
05008101349
08667053768
04884560190
04334782032
02193279986
03175087312
03093843014
07129411529
00366876892
06329724425
02932195384
06768570328
00243537566
08185584487
00396104706
07792429782
09219876138
01815821995
06622331667
06930778306
00717539821
01752301121
01671949423
04928614175
04995149776
04935983406
02664809434
01414607584
09514779575
09232912275
01122820809
08248409889
09341480620
01852202601
05464820725
06131225018
00389238257
05850528227
05145899036
03841800081
03336102657
00139015082
07320366103
02460316552
07584619824
07689464186
02956457770
08466992389
01425851348
07211507952
06014199932
04153664229
05487916137
06087021313
06126424678
03018571285
09847130670
01518945090
08237452268
00154496120
08862044372
03610096271
04461606462
07796032823
06333872171
04566021879
03005575488
06981060030
08285982120
01831348950
04231351556
06715828214
04486052626
08122882442
00897085975
04531054215
02200890111
09893238210
03698806731
04506656586
03608026534
05487407642
08691913926
01481850645
01067730856
04876802528
02693624418
00656753417
03098029788
08631977812
04696334739
00459848324
00554084658
04287017032
01596183098
07785735641
03286241771
04378846360
06243946440
06821714734
01151290412
02349706480
06207934512
05975507983
04771174324
00398089037
09397742379
07189032494
06811678047
04310954232
07955718851
03495452732
06524146314
01435496287
03140397244
02055460265
01343420483
05138425405
07060352508
05824830527
09591127135
00111537360
00498842566
06635598880
09579112386
09872466206
03894386929
06255595024
06937379013
02087308296
07319215144
00851932140
08802009536
09939748401
00562653679
08017867944
09282705348
05610605306
06255172834
05400527585
06265385819
00973573292
03629737987
07924005330
03281745330
04173120369
08644387127
05383158448
03865031451
03553904921
09765671798
06612766981
07252973475
01206178917
03389111690
07938446452
02809398052
04657343110
06531665170
02314291281
08330762243
00900306679
04921994883
08547602979
09190040772
09362381984
09511322490
00343396598
07602163608
02792360189
05921102866
01007564700
08367260751
04098762961
08571640705
06818515428
09283373120
00329404880
09049572216
06005253217
02688323366
09770543728
06258642137
04588935940
01869535197
01890885168
06950755321
00639087935
04082172532
05574205818
02240586776
01008139700
07329347913
08172250117
02647331608
07185989265
04707369917
05284319569
06367176379
09814585982
05070623126
00682243245
06650266876
08899242060
04967767569
00179766184
05790787817
03915224485
00234105176
04921648057
03024300258
03184342347
04764358910
01984110660
06640863774
06821714643
03863295192
07373337237
03560324660
07525396057
06312964662
04812355233
03600984670
04868607266
06903093656
00215152682
01462696204
01923380228
09974875296
07023485305
09384625107
01089230927
07853552523
04523557573
02730471971
04093549882
01254747685
04215925500
04867476541
08961913432
01528009449
03612694275
09635330403
06369751711
00340426661
01851254147
02372050398
03136362054
07256756584
09437028694
06518868945
00133058307
04703992449
02686993061
03273419875
04992976241
08339488414
02336524593
09538871184
07222189773
00343508925
00677659045
09885429622
05757680372
07568837733
03355499268
09519357848
05048897572
00798186852
06417197773
09290522214
04550882579
03714294731
06153014803
03358361177
04561957579
06739354633
04743206339
09460109741
03811545925
04147546884
07739072773
05379688628
02084153917
09776867799
08388237672
00532333226
03065569294
09328275570
07870087877
06682662819
01065495769
03215291311
05543359165
02834075980
04261730737
02309956028
01565522149
07050436589
09771059197
02176605277
04450896983
05537216757
04042904709
08686278116
07788762383
03528782898
05980886609
00054192087
08975687367
03821959791
01593702362
00625755169
06723731689
02652741898
08084941265
09824177889
04439205824
07811282702
06052105711
03577368037
07487085287
03951835160
04345671372
02347872553
02243787850
01470437376
07374732364
01609315116
09214029283
07773304177
05384309252
08773502399
08924031492
02757700188
08425779630
02104385405
05162352487
08321490239
08734351283
03852055731
08317758648
08140100186
00804963073
04073561729
05523451660
01106763077
03186912519
04713969533
09203721878
09941896107
01586888790
03565566176
00388066500
00782778857
08161924029
00759766690
05110154641
09028210088
05279284400
02546086726
06096571469
08749885914
00000029042
06511132720
02419746794
05371106858
02739292929
05246870918
01138001637
09824228736
02775456843
06440546282
03155410379
09957820755
04333354041
01286542873
01739210005
00503088866
02394903941
07994021132
01287217372
02299421841
01363292405
07524834818
08468204345
01248000338
07288014993
07794724038
06549860617
05458192434
02110896580
02047031124
07184674482
05855318381
08801757551
09997858882
02429777019
08752672261
01773988023
07331418770
07329194513
03598733653
04072931918
06956935405
05745417007
06883386893
01314166155
03869160965
00721194582
01368114492
00034991166
00961418789
06103531809
06767879045
00780701580
00083758036
01620466755
02333385542
01643628709
01485863446
02221101046
06374415550
00404378092
03827944095
07585342667
07981133416
03526497961
08481054037
07776730060
05271141137
03441606136
00943721783
09287389048
06285395491
09586230480
05566859637
00913536649
06580349030
08526950364
02064460763
05003961562
06525440650
01817791329
06906523211
06897897506
09432903502
09806352263
01058782951
01837608713
04759909515
08951058824
02175307443
09354065471
08013617972
02112811565
06952410474
02504698484
04877897980
05521438605
01972255300
04037571255
08360846522
06241800155
07555593674
08008862328
08532156447
09651781918
04706130285
08105044534
00043947660
06362364588
03952402370
06387266165
02798951878
00262941843
02672174542
06498988538
02759836377
04019598746
05139496362
06804180724
05535822215
05111637096
01651816937
02748289683
05881695751
04876439421
08839051939
09109336190
07147501664
00579810811
02745886358
00571638464
04571029769
03409533904
03975761237
03216811883
06888301724
06766161275
04155810363
00273974858
04615006990
04071537729
05534436197
02814743400
01685737432
05869848606
05208343245
08012774162
05414910878
08233784615
06132910209
07358671483
01543494414
08336268544
08073031007
03713970869
06548957290
02953374398
02545001375
09138915420
04435572608
03486406329
09314405732
07669279465
02538426690
01969203983
08559679916
08217558139
02461532408
02554290843
05713857072
04699987211
08187069400
07986340694
09126878403
01942218492
09451923205
05900609116
05013024892
09352051243
01283818589
06674218107
00169505668
04535257652
06128710279
04635511520
04711352553
05104918950
08317244238
01020428632
07208058243
09232749079
07359503411
05271770807
03238325996
02448029236
00046806941
03991713802
03764655411
00265198348
09938800020
08495217816
04702077744
04526251761
00931356858
00903256122
02261107535
06864686045
05201069404
08401719927
00015080304
03215376633
08878755582
09439701009
01118470985
03674797824
08895032073
03014624587
03054672308
05849631091
05275780295
05565415242
01648320882
01927264353
01040384677
03849221725
05111088346
03794084086
05966109676
01669927415
09453523822
03365953557
04623066052
03753776720
04388853597
01196107889
00897661086
04108069577
07218414619
06184434467
08926266744
04577558647
01380082934
09717347660
01739019786
06482656959
09746969453
04825070475
06793144050
09226691672
02534325474
02798447491
08037699171
04715277718
00540151156
04767802149
09025712058
05111416252
02290791467
09423880959
01931558413
06221141001
07275149906
08537269145
02692316196
07789102767
03106140936
03390159653
06048683484
05751581536
01208563198
00580150926
08271121110
07716310357
08854841029
08026761172
01149162755
06099035941
07351856541
03398255706
04768947662
03596421369
04033319700
01280297647
07743073994
07308646000
01957869864
02266311092
08186700734
08583926683
01137666240
03097164502
01499183607
01252379014
04601278354
03401113786
03139811122
02196756568
09027837081
03572609806
08067623148
02743172615
08633228062
09960792349
04882173621
02725821034
01187108741
03146448387
02105289404
06428440796
09705608667
09882885726
03989719104
09558076209
00947826499
05635457658
05269577605
03811451743
05023437580
00181727105
09029820013
08769553915
03325077221
05557718058
06473728763
04891382218
07388376728
08844462611
00109653576
09490655192
05424881920
04047428735
08184299654
06854380451
06173637125
01869417773
09787202365
00103361403
09302503729
06678417032
09679758013
07305075523
07465884348
06566107286
04822991068
09283022388
05958036191
06282473620
02337528496
07898491786
07663132915
05134059933
02430957421
01242236040
09093688294
02298974221
07428280603
05431094375
09424924175
06770403810
08478679336
00183845225
06681836604
02782821717
08546930868
00674370540
01737756391
05148506048
08789314765
03883444355
01487053149
07340939220
07768463517
05013224436
06050636462
03999664155
05027754505
02343380610
07235417880
04376944219
09507826739
08828451592
02387823432
05441128992
02103834569
05787909270
07603524363
05743080000
03002528808
00641386144
03872043420
09947594413
03506801988
09297169480
05686930490
02149411654
00591114037
04331237803
08956782832
00057607977
02384660646
00356328341
03661382426
05853444669
08879271896
04195430483
05770317301
07340850042
01525417773
04309141805
06341914312
06651807628
05031151534
06417937902
08543115942
05148992174
04536205801
05353919779
06366444057
00970441533
08339786703
07354008861
04723347266
00182522481
08183697251
04079022517
00316378246
02169363532
08200957563
07036271964
09730057141
05344508647
04308550734
07535822310
07643314730
05141448185
07593257244
01938955111
00016186627
07412982095
05498103115
07586779397
00588984999
06637564980
02826519430
00791044944
07481012018
02301118904
08629657429
02409102556
06608954790
07765082417
06141653618
02859586273
01971696939
03566990467
09882613217
00186270519
05982649620
01659573301
01937475925
05301631196
07015239538
08691848484
00436717358
03762675125
09557755249
09273960045
09728269632
01993240211
05302862026
06982431532
04135531088
08335029389
07744866526
09393716487
04058108357
09148004316
09652910503
01107276353
08641497460
08661799919
07985286917
02895402631
04610362560
06067326064
09744773211
03652383888
02808008307
05214250853
02296032349
05932256606
01828950546
05866838043
07677044798
03613101591
08001988057
05063225841
00698709148
03379596258
04570686647
00206773663
05340312789
04182942520
09571342336
08675675995
08391944076
07560973556
08093595202
05499268042
01979975753
03034482988
08519868508
07414211621
05347423101
09308942326
07193627121
03912043700
04514796371
06374085049
02024885829
04564852812
09313770516
06587545831
07944924518
05980624003
00653996706
05316336725
07825586236
04382867292
04311362765
07172056543
00215511430
00920901591
00385264114
00288927712
03411897618
00585096945
05093780585
08659130757
07591428561
03051171187
01834145873
08981024198
06797359096
05506649042
05906181353
06957803966
04473149335
04453717281
07417145974
09345144360
00219777061
09367368988
08569661918
07976999765
06038924121
01993151652
00465774472
00103742466
02984393293
09156784455
05821033297
00773036958
06091833272
03366599484
04428230102
05468556705
02313567774
00125993860
08168263172
00675674765
05330649997
08595603665
08143730177
06731737570
02336453740
05032250023
02232772746
02717828519
04803808460
05463697311
06812271534
00426378554
04792144075
07737350206
06200871057
07350775226
03451628260
01258593956
03993598295
09877097733
07658053158
02432877791
08227964170
08989378499
09497518375
01948476895
04026853459
01964597037
03150249766
03713335286
00025715461
02725555412
01427362576
02461866183
07052641919
05678723965
00006972020
05056190812
00641937113
00396893868
03064584589
00235272091
04952190958
01300137856
07386072452
08101699155
02060450771
05612061746
05532931460
01567361974
05937304174
09989736290
04581238622
03865827554
01551350793
06363564184
01306065905
05172392121
05440239687
01212586013
03860327298
03838364335
07710693573
07393117913
04449222896
06781441367
03446904545
07142188214
04026486268
06383197629
00986855352
00909062459
08876598486
09034797974
03367401315
00555415617
07509365554
09168687476
02293842976
07032404391
08416751991
08496886511
00538215636
03928294510
09419897163
05588499234
04311162331
00359770637
09095034594
01228533289
09581180327
06017606517
09815901151
06610466416
04113105760
02015828377
00242075336
04261518822
08748993904
08653736543
00137550444
06540322528
02150724052
08213974711
02669087805
05870093996
02923336878
05003868773
09411386153
09045789951
01347996666
05765150939
04626668308
09208952664
00360116212
02218658431
04517834470
04824875707
07352577182
05052011025
06424061989
05859941482
08510361436
04196971901
01659381785
03936063181
03878939148
06765382443
06533261980
05759869545
00736701079
04244053667
04651088656
06880889820
04398164502
00979297746
04766031449
07672730278
02174016582
06048826281
01691456046
08507742864
02234802122
00047658824
08820010922
07791799030
09209015994
04636888773
02681256790
06023858710
06712333059
04826793425
06604153953
06373128174
08749210585
07833972576
06457498486
02596409049
01371201960
06117884040
07580741128
02158315951
05968625717
03935795036
09901227849
06491136889
05373833574
04390420901
04922428483
01024937043
09113963755
05966148649
04846270281
02495382186
07515768402
05984029210
07106672603
09670496618
02400919996
03425900495
01051083906
06444786215
09537118779
06845312651
08842122975
09696828559
02678062262
06559561576
08541826344
08669193794
05837325964
08504697909
05396540734
00294835270
05881392551
06132102660
06203400113
01409509568
04314747526
07894785353
02515726505
04706560584
04096927612
00970297986
01310196464
08903822337
05728014402
05730318776
02264942705
04689627069
08485484566
02060944581
02698073505
04290639865
09749142327
07736320585
07437370909
04279029855
09441767950
01537765202
05781567227
02052361089
02609919925
02321190699
02227080844
01408742652
09592572851
01746700514
01753833525
00358638865
08950197406
03492922662
05578201645
07254840148
01050620940
01384856730
05402916042
01172819775
00825491448
07813778505
04521545273
09977743405
04056722636
02431192596
05345119422
09812051576
06838392338
07771415286
05657095459
02885011119
08708429254
06654528882
09320375549
09143682195
03875275177
04223604550
04291666128
07829559549
05607625997
04221024778
02515574240
04359340893
03163056002
04368782525
02255240580
05918312417
08817247588
02251981306
06381529526
03514779370
03775489145
09015072586
01989664267
09582840087
06915583309
06871410756
08239900264
04946230642
00511891526
07426524890
06259615707
04522577586
00832173044
08561789595
07087957374
00906990304
02152158944
00809070067
04837276108
00547093644
05431109611
02558939864
08811065952
06809058282
04168023254
04057724425
02271231471
09632547582
02655014296
05063725704
09617699410
04399698172
03577683081
01260913637
02159890822
09756163366
03941129701
05587965011
01221577532
04258632491
00144279219
07470861552
06287309905
02760605832
04593679518
09798492039
04145380530
02679634327
04200605540
05694123810
06380685178
09963678647
08004471949
06546198796
06435144951
01983925228
02099677511
01056655154
06350090393
04164022193
08738456030
01013194913
05155569812
03338202059
04367605436
02266653070
06088612516
09133782421
08668352651
03606641918
07872676534
09004561657
08522133395
09962531003
08854691355
04712686638
07633236462
07237956004
05429297616
06137645296
03521500121
03349073032
00541518200
00068283759
09357183250
02410506139
01008035130
08953311880
03201155957
07070555919
09906650718
05218962808
06092475108
08005707559
04762034083
01513390311
07970710190
03292529957
09874208832
08090689729
08126437510
04916965118
05149583174
07553244270
08174282498
07006801160
09507489125
03039878354
09480386943
04160564944
04803219747
08363002836
08137211957
06044563677
09759223406
08887360865
02294618267
08391994563
01916054069
01293101571
05817093570
00070943778
06064395062
01383165654
07275722876
02863273492
03477574526
01667290146
06359844473
02231821274
06639366102
05066667765
05472038827
06667873971
03117001708
01364148915
05452690905
07300657026
06507142038
02540916131
00153831783
08033434091
07666504411
06450177944
08544700793
08571104449
03483668416
01690823647
01088383858
07173152687
06339893749
07212958893
06969856533
04497417060
04510127430
06207257087
09098989871
02332383659
00165284623
04070418574
07016072806
08813024893
08407512922
07332035853
02299326886
04349661463
01197410707
09933906499
07275315969
01030851146
08286239688
06990868528
07169712129
03516757623
06952439472
04044077451
06027943922
04811039576
00824404564
08439559353
05527187295
01624326503
07507250860
02514048870
09367714697
00947384215
05777749411
08326539726
08050228488
03153312144
08479189674
00024539304
02683265233
03069364919
04210638285
05522734495
07840718549
04337784073
05352233146
08736282258
00705101919
04357460783
01129077400
04247668327
02359024020
09177827357
05908873775
08286982555
06017011023
06420998004
02335178590
03748260775
05073385442
06356721396
01224932664
05158030069
06817948168
00801893289
07472859988
04884364055
01368109472
09928225262
00903549537
00363574550
02018876182
05166078609
04338440900
09243457026
01049723984
03868179974
02376438908
03088814613
03450184505
06866085578
03374952919
05283097406
08911313933
02458536596
07798051106
03386119310
05588918647
07002706318
01733889958
04860812330
02529507647
09558601812
09839444105
01993629502
02380005709
02667333339
01235462181
04400022246
03151740717
02611641036
03701591452
01803401028
03846148635
03902880763
05023918589
05772451701
09710686191
04021824170
08811264329
07883600826
02886930325
06990954156
02283850224
09429538850
03754050114
05020809068
09796961235
00161112957
03637031797
04677289907
00713362097
06795996146
04343054995
03629214522
00573454040
02998416488
05935507285
01789952466
08348185667
07180090188
05451264633
00540710221
09554822272
05624082239
09353901605
09313708706
03802930100
08607913721
07797517878
02674237180
03317374940
09427522803
03879007730
05777403564
06287662177
09537358877
04993452645
07474362346
01348397935
07356829969
02738160842
08723335684
06590650266
00332473414
08118834393
07180423556
09148115660
06036990666
08062110057
00831988388
04132674982
01014728106
02146572910
01076590609
01797773933
03559100973
09349803106
03886131416
07626202260
04257989591
01478860184
05875078397
00079204652
03716452618
02972843415
01470416923
09986606809
06167890187
04259251181
03658528750
01485315254
02703638881
07636501855
03324423181
07157640231
01694167381
03527900650
09705432263
02708404423
06667309415
03338147995
00185127532
01471918777
02478092864
05463250285
05730616856
00020071789
09911299493
01688645684
05208071104
07516844558
04285332796
05597598815
09744165875
09554206062
03156633938
05023737183
06976325047
07660670919
00130496602
09520897922
08330336966
09197708800
04789273457
06176442898
03238395227
05962620247
01336469322
00878676866
06267875049
07254012300
06931242493
04732184261
03841560941
06063454875
03831871440
07396758296
09422020180
05989085903
08660956411
00654622034
07805605940
04299205579
09663134268
06949512059
08102844244
09814161188
01753876410
07855325547
08771704982
07086203377
05788375874
04534535761
07430428137
03313622977
05608394481
09303040811
08968531184
09013781333
05465782209
00409247680
04416176488
05949292331
02153999310
02500703700
00592281395
06602397199
02735421518
00786894560
08141775964
03357667894
06415741914
09332780547
07039301418
04142613528
04733098016
09599452809
05786074125
00044578474
09897930330
04484220546
04564066656
05356772373
02462321840
07777517717
03907041277
08475634599
02361191486
07750496148
05127968557
05148735445
06829262865
08829504105
08639795641
09628878695
07283665179
09707201193
03454248437
06015141400
07934965639
08039546557
05091158271
09226242345
06610272613
07721997079
08631335912
01416662475
04892608434
01379651156
09767149855
02950867049
02804425751
01872135332
00849900604
09166763940
09433426337
01421377969
06611989170
09743447989
06365638182
05544050250
07077806116
07695174645
04266880375
07578952826
00163481547
09412385073
01343579538
06636746431
04381927646
06102691092
00208126909
07069325092
02157237474
02631719582
07909744846
08436028706
05683900344
09522834018
03975101050
08221463714
01592978880
01398506536
08497579456
00001651318
07995244008
09246086340
04103732206
04651407201
01519366379
04661207105
04920939246
07637612934
07123732510
04649645614
03095902540
04185060938
03388193782
04750845346
04239232398
08865724771
04635495417
04601270865
00557493838
02425057464
01184945001
09678258902
04545958425
05280983789
00540751151
00258526004
07708966733
03500580465
04953654170
00370449442
02938504990
07986357540
06799205936
07163823302
09000840604
07546883451
05893174889
03417720789
00893323331
08160963130
03944728769
07856544504
08531696891
02493218067
07905318729
06751864153
08427645282
04264329570
09100782085
06574047274
09499029151
02777453626
00674316606
09419907895
09832714491
05893329362
06385275213
05328484264
08120013092
01004027422
06792743942
02240102443
08539549270
08154736454
05835090489
08143056044
07982726501
05468459429
09527252805
04958086614
02231360763
09381474168
07711898920
06767767614
04382246563
05578249509
09862811202
03564746057
07584117092
02877713385
05287994858
04525086230
02576377393
05873201543
09300838754
03428551391
01669511343
03338106382
02507169711
00833976396
06153188204
08123228371
07824469347
09465065701
07903925989
09597861284
07831945052
09959998949
09226725903
04941297328
01304226610
01721779274
06583758336
04821636993
06242163643
08276718113
06282474155
06511244920
09504001064
03984670939
07804423523
06784083632
09905328668
01847179310
08220294291
06390972258
07516198710
00201076129
01588510188
09006815060
00429549993
00503737991
08287838290
03903471132
00233962908
02201188444
07770459739
03865646742
07460908515
04708243354
02158702878
08780131850
01160605081
02418159280
08261026104
05896421701
09732514312
09545426547
00304148687
03560683110
07763959725
07669772452
04885448075
08587602853
09482792834
09938331708
09114765296
03517355502
05647985446
05068880307
03753344450
02947587204
06658134179
00181695075
08819414138
03496299204
06367694908
00453113884
09674380316
00351146006
03634302891
09431230193
00743522144
04083540195
02129521783
09809149919
06984420290
00050902700
00660415801
06972483325
02761560219
07499048529
04626705401
09127378549
08445135563
07920645711
03782814482
09758945661
08178413817
05377151259
09902209491
04904602683
05082116829
02277414691
02681864952
05785655997
08683885847
02826440581
01411547092
00441847629
05460915427
07211586694
05491833103
01486113319
03066091799
06659755859
03358385268
07466447209
07801468226
04769125005
00967705917
02876682637
00791691414
04054960670
00994458575
06030489382
08520525571
01435904297
05031877506
05825192335
05063626251
07782724116
03538819109
06352395933
02863927809
07189890943
08318793571
02347715958
03174337719
04429543802
03376556197
00535672105
09299026879
09328158062
02242472043
06519162813
01967275114
01672013164
07896272192
02519790322
09228556487
07822529141
06427711442
04008425811
08129206074
01416309661
04801622107
06270145171
09460263732
07816702116
06430299361
07575916846
07364977478
02038411921
07863252598
06404613354
04821030305
00723614152
09567691272
08893711018
02832386522
07905095494
06664434742
04806195357
08052987401
08028437349
00543446516
08243291130
00927911200
00502050648
04316916414
06214625449
08478481071
06718278635
01068678956
09843554829
01619788811
08076812231
03876195974
07856060442
01597108895
01126715678
00747813635
07260029179
07249305826
09423760872
09405759330
07627128418
01833170313
05000079814
04862892815
02370297428
07553595942
07232998493
09462247158
08110107982
05645423292
08124181181
00636889309
04106135644
02714737042
00703358226
00687344553
01479216899
03480740900
03748716201
04383450886
09935804711
08208126796
07888075136
07457067505
04300691451
05503199248
08056839049
00030499273
01808418976
00467550716
02389329800
01653808058
08029219915
02930634067
08191299699
02132981944
09913894198
07437242854
04020708022
01705348193
03025779921
02027165253
06745598252
02373756042
02164959850
04899928714
05128822147
07070401630
01387839348
06907872627
03914331052
07564692837
00740370814
03774436098
05260639366
03244664603
01131134470
08583996699
03417744399
05960284845
00583608366
03132797643
05236963078
02964599113
03934407891
09824359659
07725587621
02470886815
05910986920
01110452766
07276979264
00874866784
00319067556
03582824736
04961284824
06834024213
03358227813
09631725833
05947168589
02868385736
09789383202
05118027498
06944493965
01072615413
05478282059
07240473074
09432673900
08654192247
03429147706
05286146265
04898911283
06054278080
03597700768
04523833638
08956394909
07924078266
00151161720
07071197502
00903084802
01628363548
09191948052
01447963090
06053369893
00542344393
00765620764
09390932749
01083088289
03062466901
05683208302
06637128185
07899863475
