6530724726512651
3573224268174965
375390735001309
180088701276302
375320569789547
4882786032912080
5267600065572129
060402722460
4362510923687133
4947967131328666
378617130130169
6517643021538400
6508874703377194
6521543169621220
5166167836225173
639017824421
3520636414993242
4411330686952785
4624341251638
30183819625136
4018900151208
30395606317426
4100947757720193353
6011644462537423
213187465635025
4719150342583983
3597193643732304
3503227452525889
4253216466988
3555546504816948
4839016634568963
213116070853707
4042938467072438
4444569039943170
3575919057332884
3569352231536022
3551773554160209
584879913971
348939388483430
3561520566574390
4619942265826030
4299908706540473146
503850200984
3504314921527453
5324294770202742
4843898570277152
4048144759920
4278630758363
4470693499957
5467623069075301
4797962137847
30533837027741
4277081993179462
6011126386704404
4746433028099285
5424821759318864
347459125975870
4619011044751286301
3548106682805765
4772221283799138
370474979201174
3599150708326537
342396224205905
180098037731086
4198281491727653163
3540715391997768
4295929456233299308
6011921508358257
349461361847639
30526318662267
4321359240484
639047931956
4056692455358670
2222562117242815
4501158902711987
30313321323173
6011197457817243
630426818534
5307749694052326
379420895976184
3549843677186814
5509522999355306
4287319262684013932
6593357381445141
4744396452954
36634611061494
3571924039528736
565356772543
4233851352439597
6553110767382752
373645872119087
379676878248012
3519218699876542
4195524178530254486
6011374476230357
5280774970003471
4437391416070
4826422880437657058
675936094464
676132590586
4343565236425716
6584402260067201
3585012616253326
4965265361550
30328452277824
5399485943470824
36376637511942
4227161436080104
370140200934608
180091659828967
5165735838972116
4354303346251475
5206616218412942
3515753373833249
5468049807953097
4013194615635255
3501224306654314
30576066860613
4573647781740078
213177542207443
30058502997440
5475135395447674
6501805633500973
6011313411497416
4797653483245
6595308259030943
3570225915423500
3509754146322948
4831932976685
4232533285691079
347646378826327
4614913504860
3554622367359515
4582987032813
30014076325294
4705209621920930
4221317386575370
180076069551101
4766389538442149
4538921045888088
213174912410616
5156952241046286
3578961620453695
3525337719339000
060448051817
341212212959968
3592186506323356
4300333290476
5375653507355560
4107765962407013
3574727947273114
4251869528781
4498627380519505
6560796132031412
3521391802784956
4633467170548
213134390799583
4404816643688
4291314685158
4006679691975
4475403698418
3557305426064998
675988832498
213107542824574
375380129388917
503858965182
213156992726284
4115926760132951
4217272620393641
5159498158126353
213178772984867
4739604453405895
4181557525047173
5199037235561984
6011105046497393
4810895379863
378359233244817
349983435831513
3538383805439119
4794091433356574
376126471072941
4295405761794
4834331358862228
30500447563423
4243721795489970
3579441570499153
4674930838608151664
213114200771428
4647442030913110
3510389039502772
180098935510244
3550304131067955
3512922799340344
5293773394744285
4956194704711362
3525080604356214
503802892912
4715235970364
373366992103717
340956605063868
3567249075459364
5153711972612796
213147568013462
3562315712881529
213173124153527
4429130103188140
4824202670237799
4888186961393796
4886109925972
4962508443592
5268167131310883
4379263502029506
4131846933006447
6011517134692976
4323563156146572
6571112060112991
4435017263561
376365332396830
4691806916198407
562372154145
502035984686
376203653029039
4319011653212402
5498154117846660
4356326819788
572995213723
345312205141388
5136689872235391
4343544581498917
30116887376836
4536411611417399
5127869617224543
4523890666750
371685149187600
4171462680224522263
4458963889406055969
5456969643030038
4500636139540
5156318962882145
3549202554723712
4670944658828096115
3572914189745924
213102302326845
213163752098573
4777231329987
4016212004164048074
4035427542606551156
3571687995052518
639093963697
213108342371915
5203451293591631
4188446394980545
5389398493889669
6538281305794822
5233814071093266
4096138646476928246
6011319346202755
4313790601411614
5293320157492114
3517924390947449
4420574796096817767
502002070469
4615166010013084058
3528072415767322
501871965825
30388608793736
588556310310
4656616556529051692
3567428523930446
348962820022012
4609817426400
3570082478184270
4575686731389535
3516600976811313
340868797045381
344043257448766
4498574383251969
4841579058276971
3548990180452687
639085848252
4491025257868567
676187416083
4865880057540875
349624874606236
213144818981879
5281706953430387
6583723027062024
343439232697660
6557250321381811
2225872460199315
3511146309554514
5184683207782467
4811379041085506
3590150787250623
3543730050724251
3541766669738383
3591090401489711
676172247147
4598485277640621444
341459886713805
4002679628338411440
4445519896810444602
4259975355936421
4754428871055305599
6559855044639051
372056288091772
4322277403658567
4887560159306573
342240185496337
2222394521287776
562847115341
3578675937586555
3575566485260128
378784602011101
5362098291659436
6011650279891853
4531143870582
060442201871
4512022807882767090
3579710489102250
4807991223936672
213100059961103
060435787266
4053974310191220
6011662718782585
3567606717162641
676364263050
3568729041256894
4236965383017152355
6510291185110702
344678643766767
4617615082483654
378766733003412
3543976129008149
377852886038990
374761451802834
4670368055683
30524821976688
3588111233115269
4333797099646
5461673662313126
3580152920084788
4386033260942013
3593156429733188
3510194616959969
5201847217722131
180042646417844
30085636158649
3582747645129368
3539736812237488
5147734807816548
4802234888727192
30371830650411
4339677022659709
4000612743210258
30363663796841
5368456874529604
213133542956364
30328800886342
6516645928820287
3519065157512741
38395305609547
180007271785922
4997691387310760739
4799077388620
5479445521009892
30532834263713
38152979033235
345096838050815
4076496430278185
3595060974087412
4090067157002355
5129323236675279
4098896294198409
4752433539277491292
502069068018
6567597270229880
6011375254529225
213179421930699
4479719644136821
5246656964906251
4825924469246
4223385199587
4053158885173
4540224785999
3560253337259254
4252075325988
3548001144059244
676276508915
4697653046191520
6546955605269920
344377041732063
3535593784983027
30567913698751
346928006352988
581595134924
3514200241164127
3587184599166649
347008475459678
4188143586633
3579869629856637
6011329056049460
2229693848371509
4612730898833425
4223862463563
30464356736092
346426268164456
5247786000523650
377547567343376
501809229252
5177032279885502
6011663866876500
3554707153555705
213150094355720
4917848767936
379592203760086
6011569296785031
213152200187252
4886473673673331
3585992913036914
4239622168345482
5116800619528378
3535770496141967
38497790889913
348421785805515
4394184183499761
4833236647552616074
4095266551833
3510497187240952
4606426501957911
6577721358824333
213184198446341
5186268142247822
213152367855808
6011429993075063
3515577595826420
4396450846595
4543528365567169
676145842297
502031034940
4023874034893621
6011307129942887
4129507763267278756
213176645736746
4317378465433
4475727514024054
3553602685286740
676197288563
3504559482368255
6549354507656060
2225791216325794
4308456549399322
3507566102786607
4313558077534053662
4376085162538242
4268132291229
213139207109199
4475529882064294
676263086990
5124722885291582
3508733171916064
4931768321291807
4618107413484329984
4717728472700
371251047464524
343058121377000
30255255757779
3588053761530040
6588207861334272
213137760214505
3591575158663740
4908562933096517
4807766498730113424
30273864567299
3512867960904156
3551918427445143
30496604026413
4926082207398034
2229292155240405
4865218776845749
213160202820663
4392450761395784
4965237118286
5511123811002337
379802876166440
3543334567967378
5436145966101368
4463268029810210
5176727226540107
3591195792832401
3554432036700176
501854888796
4178117371297466
6548843195285605
4142507948981787
6584073157944842
6011737722306066
3567544001079637
4440481862041193322
342741991866431
6540712273116404
4768434115866746
583028378219
5178486263062008
36183586260566
343707887801260
6513873991135440
4056550481786557698
3533092244421472
4105443870797555038
5452123852389909
3506699943291593
3599168388985273
3519829474784428
4996059884051
348157965103657
4357158010090360
5297672925251511
4145326276405955396
30221119539654
4657883134112389
345699693955406
639011024705
213153744053265
4777909322423685055
676382396064
3543910170215774
4883377479129583
4468791450567
580531792084
4918257655084266
4922616203072
379114933435820
676307320579
4580194657089760
213103440774003
4138238815359024
4587770860169425
2228290854375440
3586137124828274
3582938221322481
4338273941230191616
4939285363550587201
5333372994207082
376255325118004
4069661965904294
30454991432512
3539032564747662
5484138060735034
4966656727552062
4533103327169439
6581466363182053
4698933578925431
38800407204709
3542449684678707
4904452739311902
6011641304976314
38520098804555
378344872991928
346433602075786
6502196156499945
4186334990918647175
349922663401466
30021466278454
4664567727064682
4012313645617676
371473351859061
213187815718489
3577735220693996
343932052475787
4516651504707
3572515268516423
3585885027584607
6011932921169650
344142157760484
180036444799288
4157747901080823108
4981712192131683
3560652341545790
060483243881
4288733475985033
341086785102077
5237250093356009
6011826714466960
676253014002
5177000099031540
4320518244891137
180074279529504
180072997665493
4269417186413353344
30571808411619
3542903717784668
3551596154416303
3552245154640137
4754520121912
3598656368923323
3535891340474568
3581028578479679
4949841512429573265
3545386699067194
30346280842478
4257880487006
36643978396377
4066871230355536
4873951609349029929
562950366434
38174567450894
4570809085146179
6011907745098889
3558188148306486
4000780340820
4952967000389
30117157198124
4626054712991523
180029654989897
676230251255
3543039299477204
5253322111667029
4960674153349594
4975148362061541
4730975138760576
5195891803183819
6596224149624127
4663324661678965
6011243587370669
5566950143695634
3534242731320518
4556032426238
30107790801861
3502794837135099
30436662215367
3563790519395338
2224853873688400
4108046995616
6011466823338568
4491230240040379
5181929828675512
4222155778024279
4019603388337
4322209483611612
588587962717
30103599170178
3588606931885147
6539281545825187
342453133270056
4383292240873283
3594618027232805
213182919191162
3573133944420215
4359047767948
180017970667396
4651487513716184874
6011072476911923
4934434771606633
4503766414355362
4845105949907974
6535146925885370
3587413960366003
213113228581025
4730373070204769343
3557576481035798
4599945388411576
340461157879076
377665614706765
6533954762617372
3573319828175435
3556758490206948
6570396780038484
575530761635
3509679137607561
676171586354
5433975512299099
3556915429082085
30301450544883
4072861880744172
4925359675827855
4583697934590654
3511829207157577
3511305906139018
4684552988400045
4684597416172717807
30247392821998
342410745680841
4695159424488562608
3591691250283194
180058025351982
3530554268573002
4262330325772
342750595678878
38913997520580
5516866501673297
5151855559686558
4682592676386294237
4773214438077
4687265863807072765
6545204439351955
4059211453710449
060401462738
587248171973
5154189560988150
6011190151856450
213129228091682
347349243744359
6011744346180893
3518789630725700
4334401247935066
676310105678
501878884235
6551047545443104
4869222171898
4283448180800634
36704120694034
4148049472026634
30023006459289
3523051267670987
501816192915
30052533448051
4983988378522021517
3507320469210755
3565305180262507
370203931396420
502022247071
3524045236851263
6011623965020400
3562101093580710
3522284194886019
30372315169828
4138660810660894244
373214340077318
4466291045303808770
4498040670105174464
213188770600472
30421106742879
4038504507969
213172614212108
213162182812942
213176480708321
345536977811667
4356979838845849597
213151710695655
180069582373343
4337806729981460
3590175144081775
4514263563906
3571153644746596
3552176084134513
213152121041620
5315253915642205
370542471726060
2223285967982665
213196841539645
374094183426411
4197527348719919497
6011042335586406
3555098023819870
630457214207
3543628056919240
4848559336770674407
3515835784674807
4854463655429
3529006922467603
4952623113246
577883011683
6559319695676656
6011435772813897
6551968302823420
502050031629
5199557235050100
3510290316865140
502062877456
4684150166639565
5110102474715588
502027353916
379720911958607
6535802011500238
4065521345764348676
30075488547809
4235173522804
180037556749319
376410175090940
6541586514509109
3543838961901643
3519675776103597
213120968550490
639005934547
3532310373947732
502050395909
5103864876589247
584094800524
3527399267593550
180016438161992
4634657449651564
502081648748
4581713682651085159
6595973237079302
6011680520398309
4029180508789749
5462591970785547
4667088476180238
6515192854714102
676115937564
3515268366890635
3531710590721383
4204036752109262871
213113859908836
3515733298241447
5268040443473956
676395549378
213108163059649
4626569755317849
3546815616751125
4347492283758061
180031903322300
3525431176134044
4900163457262826987
3552304039305729
6011962113507375
346296706633184
375029787602578
6011169373404596
4532484534456
38672301700870
3563548322564437
3571796880603952
213105261707277
4271041514925385
5123134874605106
376060793342411
4794383057688329
4319142391093273
4286743957800040
4235682026420780
370179815133057
503852409294
676152728512
4811994204143
6011152425645010
4409260555229011
30339563047279
3508719084591425
502037000788
5462700398393699
4658252060120775
4511231239312
3513782150940614
180076271309314
503815564789
3585818192258285
3588868819548748
3586694051388292
213165928911837
3528292049095706
4816886716354843950
3578326395993293
348995897691939
583506972160
341214696465843
3538537419519471
4732492936607184797
5451044088754081
180037768462230
4492993260593317
4984018171569563
38523145988074
4029143023591446
5378485402668418
3576060002710434
378758487781558
348761671256236
3570945110431558
4774904439326942
4886965461493174432
3518353545414197
180039182864132
3585421237055319
639075182696
3562537229488924
4659400079769
3565356908808816
4513362350525172
6553728139776912
3531592419001746
4366245976152927
3524106123318665
675941089699
376467843947158
30485965727362
213100887165026
4532656635047507
5542588686779875
4431598075411730
4301832501070217
5242673866504096
4058200332710937
503809197851
4027976735279541
4035338199820726
501865481342
639086835852
4230046231789758
30266424689496
4508883224035158043
3597067317396770
501841140707
343396838531778
4485781973208730
566217719673
30082913659753
3585537652831874
5106590087593291
3538901782562882
4620655190066053
180004397317011
5112196132672015
6011693269374548
4620999913902198
213178756914781
4147514464407909524
180084169222375
3506658582295315
4497160964171
377823346160443
213185198861959
676164867407
3579725491553118
4381351981525379
503869093925
4535404590513621816
4883244665431225
4717233595853261
36991203489115
3588188486436261
4412336349835
5491827263611940
4884729752329166
5523456854812287
377415034604855
375793647841706
6504172914286567
180095057219968
213158508031811
213110031980345
346407957233877
6551629733076240
6563419998181877
213152806937225
379849342252486
3512684330418050
2225510309593369
30386091398161
4367117234128117953
6562845989459107
3553087506472739
4513183819882784
6521383545509785
4856445055184380
348872287764651
347616057250636
5314622545816119
3547716938081648
3583484568215706
180086168120484
4419645110644381
3587149789613551
630495663134
3558126510784716
3564745704443045
6526738551029876
4206169129261373
30580397432381
4070274058139
579327726694
3583424449455139
347524404564230
3552495280323005
4719652717712
4143911347563833
6011207558386236
4850823859434431
4821394163514736078
579865145208
4847218086889455
4078698171253826
213190994457762
213191731782843
180034266447680
4470264349365564
38554105271052
3550441240605877
4785184654992457
6011871980189102
213152217177825
3562208001443186
4813302541752
3579123007923852
30378727579793
6503938538648270
060454853676
4048880927228391946
639021450817
4027853235280
349786239054897
6576996938872058
373083680559437
3553091564165516
575626088422
3592807601394501
5338571359708098
501813709802
502009249587
630424037434
4115772013892276
30264858752435
502057746476
4008080415929
6544652828474518
4744376756001789363
3595348721201729
4523897794332
574208777932
4584666971422146
4790188679376920
3536115884253645
3540974425105761
6011609321229835
3508547314723959
180087648605052
30257694517590
180001540071040
371026413037819
3582071898537965
4717728115109169
348010112591797
180054609428742
4439135636175561
30227014523602
3566621676451423
4681253343019
4093170701469125
3576805631670239
30438669132074
36970580273730
3587511745299538
30016788793735
180076952589937
3535506099518098
6544001626898751
5276901185219586
30090344673301
3578732953869546
4927741544772412
4046334689899
213134049139116
567563773603
3503279480538806
3533201274778434
4762737495160379494
5109225654515396
213199327400266
4708648983122147
4785712556458342195
3585460769924575
3578620532642072
3525939251867650
4668056396037167
4151441609151126
341235024291783
30207171270965
347247226047990
180061004207274
639092886782
180045268752208
639058783007
503831728632
340047706719382
4201744922780060089
5178017677254277
4022993382506352
3530185313471478
344763971397185
676323605946
4269560971349528
4230312218745423
4465483462908029
3551589579470823
6011533899937738
36551043968296
3582427843087797
4267518312476
676217238960
4016768771676646
3573119843515767
4221759743329
4847405576420043143
30162379581772
213140326324735
2224273268035572
180015303564744
639044152200
4589891685054440
3508223005707020
6011042355433976
502028947518
4298845926696136325
180061340838816
375856052336890
4734142198878
4514256225901
5348685227185442
4419767699290871
4712108627386024
213125844112027
4460906059709692621
4166670347132
4350996820747
4839035134981930
30254857354309
4471772605233533661
676262679829
213120451775927
4399517348035
4519310829896512
341090633360481
4134387527608923
3515726193019199
4294047167213
4527255927132391313
180081762981506
3556106618931171
4268636670365
30202275747265
180024170273769
6011545846877510
4857852933036721348
3551879957538410
3567746374521398
3536155919333038
5514809781757341
3525384142722196
36841209308969
5570714240758156
4590614835122561056
180015202271870
5310742313630239
3579216137977879
4163029855879593
5170858999257680
4052956960905216
6539587904279984
6581992251769669
5305193720439292
3554714856960661
6521553956954379
502002117427
30185354170931
4835234117666253
4739420241747542
4648826344740459
5142422506358583
180084053712465
180008045055766
370285376471172
349162458407036
5461551795317562
342757696288101
4975414505445
4912409737153967
375306701375493
4996890975795
3566830500973714
4922150211887
6011838661843679
4914999788977674507
5258506804851222
38372170697519
180086962499803
213192805919220
4174252903876
4124686879284014042
3561956910043700
180060719714616
180081676303706
5514023708555057
676240777224
180057134312083
6552501599735723
6591865545000042
3556654922298860
4121929183283
4172700600449986879
4126598493270510
3525251764689914
4301258687727885
180015616882643
4080137182172044
5482793836245114
349341519878464
503815841153
4652788023965317955
340932441984229
5212679427953090
4453521782547003
502007143063
3572511940223330
4072013212161689
30565617320417
370235528740362
341619670986368
502026080148
5245269863891409
6011938077111677
3515927802560330
180051229404939
4316931201467177626
3514892132636922
3583534221159061
4127798922603946011
630468499771
3509845804766077
38255468888249
30233216947243
5396980276006826
3531957498156051
6513790914476729
341496864204571
639074662730
3577397833415687
3580259686299268
30451406793132
370807745772343
6011847299729838
6011317222219349
3581004372565062
6011021310863956
4730678264407
4761758558170001
675974866245
4676136634676933
180018428786820
6538246198324060
6011803584082029
060495491759
4802494760240738762
4532158769053021
4714913204295
36697604435900
5447361214928273
4376158404062865
4267682849696633
3522619728642810
36651433979794
060439904297
4439717301266646266
675962419007
3548645046467945
30477733222081
6566722104095890
180059680715255
6011576707285956
6011497791822317
676364600186
5305895521170302
4984634897544860
4475307852329199
30298035822042
4320657903170416209
503875435409
4269094300868271
5593859196392295
347131462537304
060435040492
4600332516021554206
348834747328022
341024716610819
3550160927211714
347260805265115
5284697172931213
213141442772229
3548858807417690
3579627075538434
630428733657
4267178298838461
180018630446726
4028686223005931
4750465883287050663
675964269269
4842309743621349004
4586716395230886
4343715357845156
5438202209345852
3535284646897718
3592360479111300
4179133919282170975
4226873100496
347974333080610
4707926925252
378361643018856
213126829115779
4614338203359642854
4695543779729073193
5332252686313847
4653994326892
639079896879
4453757393089296
30106982897190
4392745537535211
4163277611923375
4924844468543307
6544441989005521
4030389227540617
4740589850093492
3504955386571657
4917650652863297
3532946097895374
30178901603959
570534388808
180090215686588
30206830671423
4297764139902775691
502084803985
180096943999300
3514675048146239
4924985231565737
4767198143235382306
060486895885
6537416904547111
30553099941595
5396317071087224
4012233486647
3598172373570406
4494710299521
6011225307818317
4775507688244853
4480561742861596
3524445214606277
3503711125438182
30334859339597
4512760939458057
4655099807048790
180099069026585
3521914629870037
4107805210522062
6508484271135964
4633914354644692683
4793907169560173
5234985908322091
4443272072020029
3541203320338817
4532098963950
30085182836168
4679699666241
4169920599826784586
213192928809621
4151703040633325819
4778735858668006034
6011401867622171
6011875057766866
370127844237258
5374683566511382
3598738297794957
4802734111905440
4447365486034911
4454569652122174
3573466776994323
4494680302484702723
4646627413459
180050822663891
060445351814
5123082213373094
4082645949409
3532421285529383
378597141833805
3547802644313788
3567332999820810
4037251602352484
3576720693749369
4485938230231
676260964967
213180001765968
346873093154220
3558052835873028
2229873333864396
6509820473744104
6511551278767422
6528792790121455
345404588022804
180002886430600
180029332770909
6589954834702676
180038376706323
4718283617369092
30109840560380
3548870087317656
4938030047697
38847009565284
5100042772415717
3571178337079955
4120720736851262402
4391229665251
2227581217989930
4236458014210
6513210553343163
6011123189431020
676366026182
38413188074067
347075832280931
3524954912875571
5570407577307826
4549302386455
6545099109734252
4896943022308
3532592996837594
4208136236501698486
3584624362679362
4665831307255566804
6011518128063083
4795694370718199333
4373686208782323
371649937843261
5239241002263400
4859789137620961
6011192861050911
377436448036013
3587591765116325
180083960182960
4307886885606859880
379294890070891
3541181533846547
4938822620065
3510128779682752
341642182173549
3540301452434627
4605411621716192297
347183176132013
4295413392313491
3553021892292419
639036705270
30102031182601
342410525148647
3523901283518539
30099611999869
4216273742929130388
4050535689856
6011013140531267
3540493095799829
342195738258313
213157584426093
581505344183
30057106735321
4393101014648466
4819664445998020
060411390044
340503743303168
585576926331
4707795162043684
5160533616938002
4215712778999154
373762272767074
213166542329398
348731116760142
5412335336293403
4034401247031
4061530023582954
4195630187753885
4419481661577469
4677505792223044
38732524842683
213197884277440
3567317207528370
3523982203022711
180019980131900
213130703255917
5548560277377942
6559439048208138
5239673999501915
3509783263836224
30399807913249
6011354219897597
3588471947246341
4324283459637923273
4908115361743
3526626767640908
3591456406446719
4152250982740499414
676364984614
4212365034633
2224322176241648
4417436303848803
3550064407962277
4262101752317819
2222735359813804
5308420763044359
374372763009926
3532494222391555
180023030036671
30146546435558
3559264373980813
4213315720198800
30595921290899
4658590489796
3593556730531363
6011792220791558
30320122334937
3539836332019976
4943064416172
5220408771364724
5430595404281972
213122726768901
30264385540915
376540592111539
4815549003979112
630410815165
4890536591174203019
213168699233654
3547090759389369
345826973097456
3516266375868427
30225317060561
575524421741
4766567684059142057
6585124567971583
36940196012251
346699009898679
6508319747254801
3552372401909113
30201551679226
6011181056255187
579789254946
4358518758980891
3543947977916956
213174908696301
379961673905986
3571825510015855
4655423971497262
4745900646061096
4936673595328038845
4217047456061985086
4169015553090363
4044588125454
5549645448726611
213117694255436
6011139111902235
3575675940052044
5463958273904175
4782373667912635
4928414314979026
213148027857549
675960650561
501859833227
4698481326890532249
6011102609058456
180054144200655
4600499820135
370105829732931
3525666831349608
3579188975489384
3558315192747774
501874459909
4909499387480179
4814090760699222
5471397141200211
4695662010279742
5360286486404682
3535002222242822
180037891361697
4112956957175331804
372091013725972
4896901029721956
3524888133691054
6011272462127605
36922552190327
3502286741062782
3550848765694518
4672585150915717
4239997499803080
213137857463270
4392524190497328
6552081424198470
4844896653000
343942132094615
180050661306610
4230189991055246559
4330609884930678874
30558495078223
503809436523
630414842058
5398775528785666
3539351229303004
4393533505532702
4137508503316176
180090130800306
4425957155406911
349075224031478
675955046262
060480432602
3507979992241874
370498723395925
4793075260584
5329344364694294
30465794617414
3568677378303781
4792980439901536
3592499862093400
30016139264451
4703358138442102
180058829974088
30584357918058
4405507586799475978
3526758312731575
4274179270744720195
6531305820969481
344351764479699
4864621906438643
4094625800853641766
4507214834503952
36500270398826
676327504111
3500723093996227
5222305029727280
6011504444654532
5488501177267934
4098575698903685
3574878376301361
4002663461400
3589118365492282
5157117751309677
4032119018911984
4374075101909325
630451520880
3514997297951485
676158724838
4269875073113
6011026587959239
213158338257487
6011295763204872
676119904669
676148623991
342487287559179
30436010084184
3515733669122747
213191879734598
344863270151646
4941813537226755
213172630375558
345894308007509
577108866796
213112872806555
378818132458224
4087024448793255
676180658178
5575654617168362
630499647406
4693486403822005
502088057471
6011534707330397
5173113888332245
4252224393128866
4000078579885573
38744783825267
4073135187336530
4894714578521997886
4499719570026281
4476717090599961995
4368010713725999
180013985204325
676342473557
3530122122248045
213171253971164
4256737111033775
5541842998801393
6011852487200790
213182738941458
30436919552703
213173728995075
4093055631924
4776119406209710
30321026070270
30488377325015
3538274304734789
3582173016631421
3580921095176664
4590669243561727
6568534565201497
349876912119081
371708883978255
4405602447670650
630402894657
5372236450098800
375840398700423
6011554739142529
579437648606
213193809128974
30375333259851
4103373103256
38217099289502
213123391597336
4647432231650645
4398269749556
3502031485979670
675950585645
3533343482933649
4520671283861673
344752918077059
3564706540532466
639059829700
4265980863755358678
5189491384568906
3507049439749309
3529602371973305
30238202092482
630444232015
180077669891251
583217090013
3529836486265765
3581722202172029
3542595548810207
4054614367421562
4438851304269
4083548971223041537
3559918499830448
4731822911636389223
5268480604926980
4792498074611716
3548145726568237
570351019668
3502910625500282
3573652261101900
372319528521382
3507637933974645
5136723329867413
4003671829017018
3558645560115901
5211620193912341
639014440221
4683903756249018
36695269769399
4287386875454828
4490486267006639204
180041714606791
639057454998
370842900200624
213189177602384
4266074752056701
5283971826133406
4591450540632
6586416341627542
38487710494712
3506231513584411
4607131299573776
4702992495238003452
4955940504354139
4936578646807277
6501758931344232
4146621049895865
213159152735921
213101885862754
6576937144185216
3540175993982272
3565091133526178
30404042065274
4233283990206131
676257408945
6011193849632283
349185346884892
180032159343479
3564271419769350
4138078272828669
341348528799936
344018138419046
3588292292018154
348713280066282
3553710310122279
3577650875079526
5524548309251993
5531693765244735
5544998045567697
6511206066072721
213135893049863
30571950498398
4077901321246372
30446972512387
3553607543221516
4126029650890213
6011448185939241
371982348794835
371672795115275
4611094415102868
570791418850
6542652997852462
676287472127
30015827359227
4909428421122158
2222105623136251
4830912786709737
4201501203806
4565944711727758
36997945651011
180068832080047
4958726753713
4597400100919615810
213146810339832
3595754784603729
4055300909298
370265525218716
4976370360485121294
4578140136889
38591943320899
675938233706
4964804570383
4102343291668398226
376415611457330
30340021911270
6011130837964310
3511485412452947
4587245447316684471
6011430153224806
676341190046
4744823051660296
4411904727800196263
213144557286126
676256938876
060483949537
060495511580
5187048077851387
6525977821045046
30440322106933
3508953001460600
4309494691877
4781439441250880
180016013491467
30279840861474
4569157865437
6011011389996860
3551398202042375
4543419691071
5308563134256309
4564949188617102
213166960979344
371723082326123
5423272180035530
3545804323881012
30261399894296
4620633066510
3597088149679076
4976414794494612
3514937694307220
180092814616123
347643789570511
3535268947423670
4218717401735
3579277194899315
3561432489439208
576121770522
36329527829593
3561319159517605
6011950330910068
6524977752389620
30012975023051
376104986014625
180066579873301
4147316908891522
4216979604160
565469899027
3526682969119191
180094925777489
38422256560394
6011577568216106
3551470376113652
4845983956465839957
346279344265510
6011171054480424
180017771276850
4317622493504
213122913096603
5307456229059004
36476313155970
30231535080316
4030763894316610
3541547571127513
4078254710924160
180094529240157
4264961040860
5322934696430461
3510761233386675
503869420656
4278042195584
30328719580143
4216783868524730
6011573832804066
3505627472378755
5115342354506393
30316685395406
4610752086957557847
4452605407567315481
180033177672527
3574589935639031
180070368406554
3540901274889633
4976998373006854
6522500736731816
4204447618236
30582996782711
4036881349517436
4923644684956478
060443104025
4020537976897578
6011685460783824
36618076087185
5307183616076108
3509691604992384
30483550165965
4460291973174246
4226642357171817
6590772926248409
3598678759720480
4523944467419379
3517158289701878
4613357437804938
342158941573704
4733666341384245838
5395129972315211
36810105073746
370207821295063
6548606213186877
502032630092
5204510757254702
3514658455100444
3564721519672425
4714564100072254855
3502344488988790
3577082089572585
213126577598721
060477705739
3512088125552810
3526431880535774
4725171398416659356
4721236865280
4977469397516205761
060442714659
4661174274091232203
3542919719091456
4272139319103403
4407088341774
6504357642853024
4740827202996601126
213157821144434
3591077577904482
30044026983983
3584295645683206
4391198862188019594
4395901625343
630485229698
5225591626613026
213138829214551
213123727765573
180082037123262
3524510322522821
566403977606
3560970309674471
4333786527946
4666266005283
3537074045164176
676337251422
4304237785472639957
676374223029
180049168309390
4674475543618889
4929073514621652
675936322873
576267180056
3502038256560274
630450597483
2228109868788986
3545752263262919
6545357585539821
180033810853963
30048561301378
346529191277913
213124638394743
4883912608812
4164283849445845827
213116196830779
3546432704552140
3524661823293303
30358915213082
344591707892918
4479521417068979
4434796633912
377504278141458
630454172465
3578359751695848
349596798574429
5431234708027761
6553331687066651
6011502431606978
6507635283982898
30558257501131
3561910281109582
180011749915830
676362512029
30207209562573
4007748762896
501851366838
5262344736315759
503801034755
5337814144297261
3569454312498195
6554794918591095
371005574622874
5507429843349463
3587920465630360
4471786695105771
4149512462193365412
341960904026476
371358189382966
342519894939897
6541897301320349
4868726286077733
5125049735367225
4369708001247239823
180062878092735
6521409458017712
348762553849387
30143183597915
180033190633472
213193980005199
3509121574803858
3577686475234756
6011348444445180
4348867888206526
30592668664253
3566380148986322
6011342924193980
4993359964964
38794717301620
376653857346532
3559193246781886
060423275159
639067074968
581640673702
4745963910993
4065359717716
5561436414996468
30421409415496
38293813174932
213154376304034
3574144934461126
4643145005602764258
346899498432283
502003060477
349947525989440
3571741749986917
4478740310804741
4586879193724
6568723832951329
4388688292056
639051455348
676222191808
3543996905768799
5557593104963350
3520162516155374
6011390312228744
180008306996708
3539474918901050
4647080324310872
060422272231
3513710841797234
3500867673030269
213111367063946
3557212462678790
3549708740552625
676284891386
4352395320990509123
503886888521
502067520952
3525751390736278
4308895478455109057
3548686607342986
4144755580616686
6011714475311346
3550251002332861
5521705098060505
4296724658109
4725095865145292
6571252129539287
5474188434031000
5122019615126556
3577799826424479
3545440454299680
6011360484242773
4272231906998740179
4193306138300113014
213194358496796
180037155303211
583265453345
30091060302638
3522274056025228
3539660782141985
4096282222109598
502011779571
4649385972231682522
213142639866675
639036617731
6011975630907092
5583827233670991
4792054351729
213130719120378
501815186215
370714318913843
4177727749752140
5329193921400954
5136211223070003
30093472192748
6011579136485429
3543790820018533
180076725500609
3521738077140555
370967805454792
4313142557284472
4359086496441
503811085581
5418464618434081
3533361742520360
4800092238475
374354779100832
3571721641343235
5174839096652920
3524509087164027
6579104054418866
6011939694985535
4670218316934206
349024701765877
5451110557427861
4163141221861971
374277630109934
6011912334681616
4221278496825124061
4110805453597
5238819641840794
348116333397136
3564983839651949
6011983608985348
213167457633832
4131480247187
3511285650019923
345060564774725
5507508394374093
343665333077952
341764668111452
503893244643
4892231004702
3535808427044676
4767115504050874
675953676748
6011729112633928
4029888555929766
3551550697850809
4155949755763573
4761152864389192
213186627764954
5241917009633945
379253736939925
5143345660735990
379547292837625
4476208926536232
6011230801536522
3510614941024338
213101997978647
4782479711945081
38640246472046
4529116257597
3524254949929693
6011975028862289
4026032500199133
501834153527
4358780282338406
3554650911546840
347386613002323
4234083408014
3565485444345023
6524462705185136
4303826255181704376
6554560761498385
4591890691855549
4465251928124
4391429182307140
4258918715626125383
213192100908449
3554019171944626
4671589367170
30243971895339
5331249379599600
6011643018110610
372199374565752
4818868505627814
3578517378384944
4752036915335505
3582190240932672
213150902503784
6011538030676533
3538800950376440
4602943764542400684
4358305057141
4387691230423809
4818936865509359135
4058556498272602
4191518194910103257
4713839075420324
4498365527545290820
4693622981767
2221246272468941
349510560246231
4619310279211835259
180087156735853
502070327379
2223956454576646
4172780599547
4392808213436540
3519494851117815
340015786513157
4195056430550
347640863926379
4193124931055948
4007375432474879783
4892936166296505450
4251591319191322
6011785180715690
4000342669367318131
180098148002187
3566912112222811
2227777036481568
4232628271897
639011181117
5512198291152306
3553219428697123
4183517184776692
5235453151189054
4945140345651206
213151745441174
6011276333299915
4145599031647
5337317487053820
4138213177455968530
3590733076452487
4017713029788016
4414299592569561009
374913802726382
3558505975784818
4076653810678877
4039273618099386
4240413008843754
180004483370213
344621166502169
3577586843443263
6011986533949040
676274344149
4011080877065574
3589750031225264
213194303095271
3529183816030134
5144504102330567
4148906248019930
6596186530032899
4976462370527131
4275126786175893632
373984297951968
4277074649690495
589892164148
3509522885563299
501882839316
3551173760026155
4381641069877
5203243150379683
180060047027186
2225887580959836
060440626731
4195347167528946786
180019739906990
675960690252
4514706472760598213
4329626892848951
213103356990890
38703552544913
3520351347646665
4049831452607362
3586985754465365
6590841659697932
6508330261651660
30224924096936
180040319395610
4173151733872734748
3537391799254049
180004330039201
4391151324935
4269163732800
213147041114390
4901250989220
5342460132548928
6579088921258201
4476763367361987496
4808286810835270819
4057367698763211665
675997299010
5353267985351805
213148070418231
213183929707229
30151311340678
4259186130083189661
3536680013252461
6552624722500663
503898348266
4603519906713070
4935817777645
213145641197583
3592888439311339
345060783129578
3551367591418363
36350307967536
4203477215222636
5278803332421743
3558310564550294
4535647315171706
4788789043152683622
4253664618387574
348781386425314
4390342109999
3544426672938978
4745687881267427
3516338977482129
3509171394006141
3566548009872670
675975991125
6011207463747381
213115575179428
4572661037479176
4005819487989
5330146131935661
4790847344089037205
6011050038752233
3567232870066337
4283883326001007334
5116471946081943
4338505932513040
4339805423341870
5115715398896328
180055610642197
36598228791860
30079061976377
3596594477056762
3578453598342712
348930770202264
3502159307718339
4223691902398715875
060455789192
30465270281081
4404279002620
343106699711157
6011330792649498
30345989574176
347611418369753
3593826859614385
5208719999719523
3515959810202282
501842219864
4029829067086
30094306899318
3505601935590488
38516957916183
377650005250631
3565650578453386
347212565300749
4174561835358594371
4140471032081230
347138950420273
3563103274169940
213129269000352
4271020394992327
4395682169062361
3566091998163884
6527831540670733
4565578591743
5406602402697652
4275392767509
3556182887565370
3586375068698580
4884173034548246142
30064923863187
4020388957025841
5319990440300173
4748022115729637
5169304158649253
371205220362459
180097177766811
6011189297889797
213149127179214
3524083159550554
372221165420847
6011284708623719
5445450483669445
676139202185
344503666525215
6011046545353788
3524263427861567
371311093490763
3551121928450882
38986719035038
6011390879711322
3540526662543755
36940470427977
3503507968124933
501811222196
5268977072972024
30521534368807
4357701751593421
340599756148748
36627741833881
6011063743016885
630493834307
676213406181
3597239333505144
4605392173977366999
347690848136669
213159819596534
4212711289727289
3507996567561817
4416564387663946
30401143322018
4075936349913878
2224246018368600
3552479096126885
3507424901296644
676100870564
589415634395
5329053657029288
2223383157172773
4758432012181161
30128191857872
30030668309041
180046094842676
3581066055809968
4714182689721
3501086272847747
30042972728071
5296748582912487
4575839619126
4260789840457
30272565334926
30548173792831
343343756025177
213189064755121
3518689422385772
502037411886
4161498700737
375540739434787
180070507135338
676172547298
373397380561919
570345409603
4325268019392
4700562923209818677
3540327189978487
4703565465178816
342243038850361
4556920250286241
6011898443192738
4738491518669
213125883775585
4696565131326772
180001724791041
4967561662569333382
5194082472350670
4026930477713010
4904026685171870030
6011412624457579
213155418379124
584330878441
379975419929969
30037743289585
5221843969121032
344185710877204
5262967131102792
6575151158846132
3505387799565168
2227531970541584
344143058691893
180037727206785
3525842284804601
4305035526143
4525688440198679
4981917857275
5187311101106917
3593774588151917
375081425597215
6011818937127222
4850203360537339662
6011636294618751
5573823687250119
3542285372417184
5500739740463432
30322015983846
