61174490306
4911900905113
5508547993823
2711692085904
8002408235326
3052795048761
5678212911551
7476083750799
5571854782694
2520921715743
5707055523884
8211451442486
9513243897317
3388848742941
8218292460599
2125139237943
4800819430801
614517117188
1058973378895
9019841260494
693504563319
1639066348407
9570959372133
8316420957103
566541905371
8118296851260
8982623983379
7705751597087
661257695243
1687166514014
5632157925192
2889217714628
104393810077
4121995596719
7920713807200
9088845935298
4334998017454
8596970117937
4046689742628
9663712248561
4666219065161
7267634988595
5321063673688
6966899154476
5385507832637
5068139454637
8322960009744
2620418558078
3102020400247
9417563089146
2960714982118
8708934524578
1110940151168
648414254092
479781749705
3754100043781
8109144351375
6907610518725
9695650654276
2172783781807
6662325743775
9643124509994
782790844958
1710213413048
7936881680410
9330436650147
7641160598726
1620258631770
4382776045210
9824796953226
714790776921
555574678645
7390368846018
2065601928274
6414812236691
9438405639373
2562423990670
331550200752
3003143695632
6341231678657
8740620636825
3106761806309
375462882330
6151419864294
5190509488831
1561252039745
5643460764895
825963172057
7152401641136
9735313436078
9500191764602
4478799452467
6338494697301
6590943977076
2201530700574
7377368468931
1377462026061
2258392098036
684301240144
7324327782398
4224640917688
3472524872318
7108371421876
4379512817139
7107310744471
1840563234392
3967586774930
1165869750981
6834767512384
4425297136799
5017383627035
7373747787204
9917700669991
1674842644609
4621303697398
6641795522686
3570034771813
6233866047815
2954252311278
2908615302468
1109870567124
9988521773100
5514728539441
1256895606779
8898918015554
5804739511936
9736852785554
1170510864546
9906827821146
723212426045
7013012340824
4805288904914
8248457954764
370828491120
115774762621
1353103989178
104574051206
7825051069243
5008138399065
256405157905
2501880615445
2038166962411
6632182142098
2076244838845
1211858054559
8616653577263
4935907589121
1530020773142
2186371775866
9654714235135
8690942690046
4969366400891
2996104188961
6905964097315
8750362344398
7144343486352
7717501855138
4740086947070
4919520061092
4143456234571
991756682680
3293484869362
5469058062526
2853896292706
8334269111470
5380130039538
1707479597809
3466404129361
2489796234634
7287896885190
9808967324639
5919022093541
1824062001420
8187547945134
1608066254733
6121496694140
6586340206962
4572624023934
3760164661720
8261441809184
4150085818163
5788575501341
5640655869333
253999073696
7530577860716
4059661006774
4605588139586
7703201108135
5884303409743
6546393722725
3723971988430
1804616359847
2658014142594
3172645235404
6630534142449
2798827068038
4932758693625
1141263444463
8548233943191
3921186657041
461409476523
304078772455
9586566659154
1364772321547
3845362308571
5195584506973
9992636741815
944797056755
1662233559090
2107513784019
6867232485233
9067286212197
9247312631199
2723817621348
138595190406
6050047403122
6304383905517
958719523681
7825296276270
2653205963195
2774937539445
8712609367056
7128978193844
599651050310
7456990353253
562076634313
8132072144110
2937807325546
5567731586397
2303040630964
8248561411260
5619189158009
502752330461
8447131663443
447650701664
6152261343044
1760301907901
7390267855583
8318307378397
3959179793926
2633887315352
9998916246489
7360643319706
9495518581632
685398133471
2600455414777
691160632649
9653062327881
3840696717462
9242199452987
1921551533677
2121662498099
8440270054321
5334036646605
8044113459482
9744942088068
2506812007602
9796744945905
6617013860106
1458299352000
9544570008063
3374251083676
5430143276397
1048885236160
6142503768795
3490238156113
4210084943759
1361716076085
1630093560352
4517580681089
1725682171450
2360415368503
6739890527143
6829778306945
5934927372474
9891859500723
5730848185142
5830881832189
5447323713246
3868214142931
1003130862648
9287579977013
5946675952996
917066144499
6297886956771
8695465821211
3024935503102
6718840930520
624191733977
2764120212917
8904005864485
5163808626377
1422766489749
4694504876236
5475743300348
6889701230830
987463749507
7567185931281
1584628066034
4601182188346
1789469549045
948937875851
2251556372621
9474368675999
8836581609302
5711386079182
7543857467370
8527960310988
713391097081
5328135158313
6203131658437
794583979573
493487016302
5864642294849
4571027988395
4303177709561
3836222034019
8145969432888
4772648532928
5213937832368
6748537688543
3684274320679
7930266343706
9951237873453
6125939947625
3518758912625
1884698854428
6910750873387
2236722751028
7579644855998
4335201203451
5494398376167
3665838262889
9552454533258
7800541340066
6193114202147
1707704194636
4045306258851
4820212272618
8470007149376
8634631524349
9857110756177
3500708508497
9612676041633
9737798945035
9740022489009
2404841627275
9968352295780
1136976580854
3260627867100
9358720987303
7761607522427
9170767804125
8555193693679
597200941556
4213594860772
1462314713201
727205720642
7228676129062
2043696117037
6920391595562
7324757438052
5417164397484
9483787100433
5526471324267
1538185752703
4919711079086
4296284889238
249180055647
432101297460
4181275555665
462344195427
7629056491376
6962051385791
7552845854766
8279244730841
7516345948862
7679725464398
8401839437093
1456007185435
2886458380070
5205213632374
2479856634359
9951438673011
2366440157520
2480142261237
6327446974580
5547670109125
943632463231
3279063353722
4028013903134
8378967295177
5239399599714
9371952186017
3522784211984
3786366247489
1890116091678
1073634778949
9857109398980
2968969109710
9737996050493
5522089141906
5245845289365
9191341534473
7020415474685
8457253337027
2753794069001
4575590925590
8300175289489
3730890961738
5704992061983
7410165871979
6934486692342
7425138183411
3217679907002
5723505600718
7395803102795
2516847985677
143760670485
1004289080070
6779906390277
3271371264275
3169563067059
2280881297856
6498250012675
1277815101111
3171176431315
453077885763
8574705802542
1100564134170
5919706884765
9640354232077
5158098840376
5483162889453
3940517703171
6960223121816
364413711328
3867472579803
8631580128493
7109824463078
8668015906366
4838155712859
7263061303584
3911794086640
776311568400
2224184945444
3637592654441
7332726299523
6386779072863
4003915660592
92851632434
8939772968780
4410971569869
3333202971558
563383224315
7560497876274
2136769136704
6833286109429
3682371342965
8502347001651
879149404761
573216894634
9808893159419
6120775841651
2759151041610
8451484763029
7170304240946
4127478939079
8560769618984
7847538426657
2510756369381
508280581067
3482754693931
8870151806441
1553501306856
3819977737313
8942848713714
1287443638843
5531253276394
1381881037188
8903696810118
452314003158
3482975188651
3660462870285
3004559709364
2937505374669
9810534633404
9951123561524
1651797466085
5026926869322
2028832727252
7351306307544
8250116959699
5675161716756
8919878141786
3409996542168
4009129374837
1623017806095
5619784529234
3110044476516
4190838246857
4476223518967
5927721200603
1473911024719
8772553739642
235788473341
7861322308359
9170054785676
9608312058937
5596756708505
780668050429
922577247434
496660026991
2731835718481
9131968391302
7855596120471
7279125042032
2113679901340
4371430952129
4218320921574
851905666187
1061359667388
6747051909562
3729042878693
4762723810052
8675292512268
1777141416203
466611021894
3328126601152
9758343776846
7556304204251
7961417692274
7682942575582
5176789964462
278889974667
103637634833
9326204189499
2932103484257
7177800487834
7715451566740
6446377897647
3836683925781
1611195709351
4918702698967
4755614268044
6582358681411
746367248713
2078658294895
8675970731215
9816655216722
4151606563448
6988279100037
8934640169294
1821026461864
717654023207
1980010831175
1770272614891
4895034349179
7572642981532
5469373850210
2657992632011
2611472858075
4274691923233
6684213291703
2472431866051
1501096255918
3505017133138
7468723602869
6241069013439
4582338305165
4759636871913
1645789025836
6790946052749
3119255020018
7941171797835
9915478341435
9485094945558
2169283314556
7710057693172
736058859301
4689686490086
4700009619194
8363956854705
3706998779320
6495782494105
7770316038866
6854751295919
83339753854
6607003490436
821057628061
6785388834248
2365230047440
6720512598754
7174742113499
6866911694851
482870167603
77861622507
5691008514946
8949283561793
9664339885100
3491434079510
5396568465804
4135805939352
1158081230735
5464070327415
211034883212
6822516546048
8485872577905
8607136061403
3070310092491
8947338207239
4741976198141
6780668633190
8377916074621
5549043165974
6330106500442
4240527062477
545897506248
732265433028
4968783678442
803269162944
5816192682834
384566650108
4202088486390
1191681929036
7176501387475
2452686470440
4839655560884
9126643009394
5423372969
968439694885
6092789321458
6555353134362
9331762899609
7202289271473
7183657757782
5980290019950
5916830466949
5852556179318
8016453776044
8139887544161
5790311647381
836493943059
9999407707398
2575792418612
7438541228691
8350646219315
9720456423003
2125781477591
1859630266752
3473367636251
4774341802342
676017469759
9257617350540
5514948488555
6418042257174
5588799543205
1571976855418
3205482373785
4773485523494
4909948550731
5703254139932
4353416589087
5859965875990
7265921527817
7784242833023
5351186204938
1225375708039
9767963109939
788560234543
8101378456942
4238979630876
5430174725481
2474255023678
7503560370733
7641367370963
5303145442431
4822981148935
2357908596618
9451776044921
9167594016241
1039883078022
4417273269313
3910900530360
1855127460969
4940934190118
5575666774503
751699174079
3583339302407
2530913868029
9342261568099
3360732077902
4116752511814
8235330945077
4659315528880
9982970785876
2205299931214
7162315691207
2084075086206
382916077814
5990896597273
912397979724
16749173894
617004862885
4595897343018
9811050566119
2606179038956
9947014841646
978055941887
8191019916582
9050224452940
8455560314071
2981683976550
2775518119776
7061622606436
7316296304628
3225766974364
9392597417803
9543265170631
1183783997048
9926633724893
3292054639531
4877109688918
3875857812897
2654295249185
3856107188
1231944578255
8992047825247
3383972111662
8939705191786
3025373066744
5926298249295
6171757885823
5860583206786
3386079096451
4068575783314
5414490271112
4043399069194
5917016283899
9516488571799
775420276655
9294608736141
2600666574632
7032557461796
5558338658591
2831787731911
8225088010291
4134672934215
7961127679788
4465510873398
4714493791956
8246194261553
5893222343814
4705176729422
8844975424224
9575434362829
254974945142
5358298383662
8668592706685
4177129564410
1928240716669
80374330642
7048078367722
9645084182362
2099941976500
9509902991677
7847280245405
4274539207101
3347680913027
6377261501551
9215484760566
5885675300853
3457836685749
3307617896908
9676813236580
6823985107747
7898192842847
3211061639235
8836378425722
3364371035374
2340279733202
7403014758181
4976337144487
8567564404785
1103520803300
2895223295282
4351544853140
5482263521997
8587946218737
6238492704302
1781291096384
9791848231577
3757897986528
1066917664128
4652602294400
1764573029414
7004632398488
6875621751956
9619825935308
6222357094117
3939333560596
9381320384649
3781081619063
4829043215606
3040075786286
2542850746326
8569895406806
1647595611238
323558716860
5580730640203
5019759702858
5586532425974
6094333976711
8917301865760
2933274165417
4961455965305
8928423932365
6610673459804
9668959420118
5359016981695
3991398645359
9481368036182
1171752875351
9662471491743
7196923839301
657693016378
4933859835644
7553246419132
5608290975656
3151375002685
128032710990
6885030281855
5142736374746
386045278274
9808540110837
1167721072350
7570630270691
6927461194029
4335660625691
9329542399725
3927798765509
1513628647168
8578783492996
4686242069351
8803951436922
6209136408761
9197494296301
1936460217091
8351788653655
2972171016284
2997347985063
9238817719793
6690031947271
9082777082160
3013845414341
4492541543909
4647002019200
361664262902
4603778918505
6589544806099
9767790261138
985134266921
6134209468153
6711309376300
9510535440709
9780911683835
2744369474885
2494261341996
704234936895
3129584340730
7957869389456
2660747414562
490784387454
6492033184727
1709370260884
9075433019712
7657175039132
8011816844434
180337297900
6034021803200
5747416162011
3914424234679
3559342017406
7969840618051
6692641952234
6915316577068
770908342718
6703115502482
4995555922531
8244391031733
8256821596427
7448422538842
53817812832
1102437534215
425914311258
9213116745064
8370992012799
794420793351
5912980771506
1634931586693
8026076265471
1970089627315
64363784996
7688246086760
5098218801235
3480975360636
6816909869520
54264485333
7857389085801
8459883659599
6902905591252
2846350731570
8041566899167
1759815379559
8462149873006
6333727369532
7790024428266
147590037594
6696292035884
4089034816692
5116489912588
5682232953226
9791930013251
6123873250629
400586393964
6903621377216
3465058771030
2117693094152
1931324028028
7850602102446
6028276245027
6229596152819
9557066425966
2484962550608
8286597355762
5997837186150
1244564550927
3626753326674
7704710976276
7814321835668
6442443381179
9796644350795
9177986232512
8397951535761
9080591355202
668968996945
4287041775215
3600829357988
2148235651215
6955460895553
2236863753500
1020175885369
8013002711005
5616175456525
6904938813448
2618170118742
8170875798648
9115659037353
8424443343392
3599594018271
4580669903673
6866836325781
6269719988327
7673402063560
2163637901641
9653578272192
5450058406312
9968236152925
3958604518912
9660717377173
4397118858843
4379633717305
9372345976887
3336472683157
6875072030649
3008234351994
646915365130
3514954484954
6705733697486
7553259320626
7239714868156
6331658000923
9790448562139
2805082799204
3955392020739
5935337621776
8704426817880
9921640506025
4185505675135
5072637803084
7724068846164
9297949393069
4020136513764
815716800518
6090137212585
659785215504
1055858278792
9844457032505
6561775571340
1475174776881
533216703327
1112563830851
7001767007377
1260436584640
5058691493215
8069251857828
405871381028
8935235372364
3220388373820
5924652899641
3747265474180
2314229466648
6529441956886
3849530704493
5628203258095
5044209915015
7392940497085
562761703187
4832813178001
2385777343998
6381975999298
1067025596015
559340228333
4755185923060
8982120739628
547756825225
6506413221678
6396927981294
9011593531130
8432270457580
1582769739590
9117485773987
1998033746959
932671957337
6753092468848
4837020164809
1285508795874
2839864338081
1105172024409
9774790961789
4830843873071
597779399705
9965161300122
5667443133326
6068779494633
2460934286620
5209061699811
1379438944
8214409463744
3300063683071
6836594829246
4659835565424
9119622375850
9336452223359
6824222075537
1069953206563
4304973613802
8572291262661
9379572137909
8202393939144
1391517743675
7509208459946
4341709310175
8100449727824
7951577456690
3375958601023
9618886009573
3421584225959
655398599969
1239760498306
6131455558355
5090096383346
753917324237
8791799718044
5462155769459
1545510060984
5638201474727
2338421145309
9925551511612
8368197168766
6158556285693
9799464085251
7689084767510
6826750969616
2280932149857
6896667493053
7660738660861
8959164638995
8511176564323
6517909354609
9943391959546
7334825284366
2493478673560
2881639531558
7368650109197
9195807057622
4935524518880
6689900311456
3376709762975
5093454692293
4563485240529
3955697994832
8531788010032
467636709518
59735694500
7794693811304
684433611079
6924395716180
5320816602185
8441835615220
8118565840446
7970015472812
6826247466748
9781524473441
1339114981446
5576283582712
5393662210249
7092138682459
1457296676122
6318832500017
2862322789190
369011640335
2008412417087
7590539619855
8472049453819
416589733325
963015690084
2969993651454
3080059140530
9897883289561
879710089632
6423760060391
963462617128
4570550169403
999410940439
9336462345076
3252371353630
6364226764784
8569667957042
2454450749897
9785868995803
8818936835827
31510647791
868356680350
7435820605804
1086766363250
4459878143820
309082289207
5974069142457
7806331603287
1805040389253
4763635480768
472973237666
5039641260357
466367049511
248662100583
2629248794412
6014716297591
1591153232829
6596915926992
6811490387314
3317191320732
3057600477331
1492820474555
5394530676340
8649802255112
6179638863548
4231744394960
4338388934186
9448610489420
7687198229863
8529063360759
783294004956
7690870286087
4265019104499
524947039747
468098639367
2464373001920
8094811070189
4031708700402
3605918455935
9869838535694
3018171374014
8959030864701
3512930816590
7995536781669
9550223542875
3743557683643
871335302076
4778812694335
6234040104304
2812083138124
8770010125799
6161222434631
4503193030586
476312725120
6652357901027
8762566598495
1253675178290
4803101217198
9417300770562
3591345089692
9105911360369
6427691442274
5035985218989
77941245544
1342494364027
2358205920227
6003793041812
9231269783890
8086381789125
3581413561191
924408524312
8184268813724
2290302234830
9871645937384
8736096664020
637995809631
9936318416016
9366638297687
4365891267975
5509462114547
6785957465501
2316547333876
6019803093184
5690775643625
8319385748793
6618881244490
5107421422900
3203410058021
1425503712520
6490522082875
9938168741013
830744269576
6772169980214
6730500629500
766175587828
155963105881
9762828875996
7960413160262
5090733571242
4069484798686
4459949557446
3553590810374
3246285886561
2010562270370
7028342593482
2014509206983
978143337503
3762555570148
6977410742111
4696223554129
9717134849964
8366766258080
3767533628178
5401575384647
4060311591702
8640358209675
5499545215970
8131900178873
1609194119373
4864703681921
2959605754019
6912779430817
9723227847466
7034464760053
4471423438486
967967608369
2658570092465
5313352717723
6200628582454
4395638167441
6456645670276
8308359685295
9457047810413
2117666990239
5577650069961
3243900748656
9826008051343
62213488224
5056124906352
6628767588727
2870228349816
9462824911082
1528213042713
2815229385151
8139602928798
2833322457322
5998682310541
9589594347343
5668088130933
9937999356041
6703876614817
2330184684795
4412105675861
4706816831087
1222374585073
7850236660982
9358683372706
3443597881539
3290843857098
8141154992510
8726084787779
390904749702
9455321857391
2738724029598
5524408669386
9634499760562
1790060021887
2202765810993
8817961198008
6111084847235
2647136099120
5610756386869
702833743393
6801308150849
2952373368972
9225077671160
5954718635462
3035587977117
7004039857211
1717636547006
7314885471961
1282274110774
1894084057000
7453850124838
3048347441138
9555071758153
8870337850258
3775239651882
7236093575618
27292730647
2119713499020
2012386793843
6187262787329
6569635804045
3314675729219
8884560547229
7705129566439
9066342337375
3872642708125
2264360569229
1281073999482
2335341892714
6121557854787
6324166139346
90511450473
1209769486265
6414225415892
2592606059160
7627693218695
8887888434952
7899114684033
1780137630060
114093351768
5312418463670
8952065666013
8521993693956
2847604932284
1590954950545
5325234433917
8692178394575
564719148349
6649641172573
5380870405373
2982111851872
5931101338922
9667719468521
6114018851586
3541504179511
8368296342256
3915062688961
3889944874275
3044730747144
6822210231144
9225970762042
7866076341427
9829893663425
9132935497640
8117415283337
2120072591260
4438602937474
7431442963821
8836502211069
1422840261822
1739338601668
591316664252
7181514686479
6472121019923
7399541017712
904184227025
3104423727092
9173678694322
1366747303824
7880787239302
5108726112207
2553979025295
3930273260330
6431595477850
7842985042665
9614304005593
6104222368389
2974548592509
9174532902250
882477063073
9008294974549
4765224305991
8928634398251
95660508631
3810503146379
1018404281389
9999206380961
6309050234658
6793918607225
6455364798143
1856786302579
6553118421753
7821972810161
7103707846030
4171234984887
3641528213275
8359938980254
9123896518670
4836041556677
6529494728436
8254803133328
2295791709819
260456190112
14531071355
8661186950206
3185566054225
5774801452369
5260177157516
2121949192480
3099475985202
8293478081847
2388809606425
9682954470898
9427575515576
995933603832
4694093950528
9862659525405
2488548929965
7595388644691
997016543623
8192137069166
6297159119463
2356127975561
6807562450031
97019860312
4640872683157
3421195305069
9886407587979
3984948305827
6853106784670
7891925481125
7050887202148
212003804656
3457812832271
413475102377
5827606270302
4098823655364
4677201429799
1986592774724
7354868664069
5830267369879
9845121233362
9202208580391
9751646598387
2164685846113
4603763405322
8467266190824
5352501985696
4350724265
6703471419821
9523253808723
2881099809260
139000882165
973923485230
3443136202063
2378466732248
7930442161254
4645872707384
9105628845392
5673222444183
8761435126893
1741825450374
704006867725
1694526053436
5022899287862
8488250635238
6016215155859
1817825693640
454131723467
8550749302934
3284893816001
1410772107107
4056027275879
619087949296
880246219404
5829509235192
1229661460090
737601612458
4922968346717
6237809789622
6873003723478
1967832501521
8773820725828
9421182550270
1625890617377
2960749387154
1904011107956
1916733801100
2119849311637
896823164069
5476234405380
4199568102634
6634231788559
3723406234884
237908257903
7575183113725
2869611238662
6275423002183
6624001127161
8232446902522
9167828079720
2136830176872
3816174126881
951844425646
3040105620541
7485139727542
3832883345591
3584041052641
2392562219544
3119727594997
9520416877488
4819223624929
3211854767962
6963421710070
6347578058868
846335603540
9479339879564
2495455685576
2620347063992
4095212509566
7848802940386
1305528683730
5972682093986
7346092050600
8018403327704
4749599091001
4772868739500
6470856609608
5136000212023
1885498885126
6880462358626
8527794994886
9623612605217
1227632401928
9605244677540
6083025539449
3990263259006
3410681759792
9581113081510
2862637950429
5435265388149
1610317179306
3203875336111
6088117410604
3429540992722
5935969543805
1126908522582
8368358001280
8623359073867
8717273530355
5557595121461
9223110387503
743559264670
7332461183438
3657904158503
9561415120550
8335055698190
4107541153300
1387782248354
4662933556576
9353723152194
716431877406
2607214476887
1531160492527
8541070610062
7508548502220
3750332389089
9337552518602
5524230974651
360550145379
5531272323691
5035670630299
6841310095058
1228659881338
8832505216851
2694288833500
5431263710456
8250264772797
9439961363821
7624013174490
8682164789283
1251093848863
5951745733554
3592060830039
1994307947826
5203788387846
6970818190897
9745039742589
1006212932692
7960216427352
2717746219692
5573935888414
3313486098675
799599196556
6695834575896
5496963123267
540484902674
4155648201024
2078188815539
9408777883015
5177170538684
693869014363
3417655948832
6718148052695
3889700472533
9867086605110
8139600057129
2442667882735
1071391961187
8563926652385
622118416002
487592250002
4366448215253
1399735794497
8669442834945
7206913026593
5068706908197
247959059212
8526493952036
7809229568570
4088624127733
9329257871402
4247903772457
4473040263245
7495076955139
6366977891744
6881782274624
8730992093540
2092399369043
3508055791474
2383967147759
6717003533101
4878420172200
2352747851012
1336021229923
6589980405425
7994344659778
2152986285860
5011141201451
4148978028294
6659228242273
6402784355428
6018048520897
1866814261837
4318796834185
3160516234731
6888955102275
4652554765697
3311880302598
877354648445
9347707645205
3050315347024
3444146647850
2076521698517
5703985795793
1487269915562
2664236551445
306841019752
8839480757815
2127753652134
9895097187918
5007962353221
8514986092150
1090086523789
4906727977413
3538152020094
8948313978271
3308675860493
3076139330996
6116514663456
7187130963579
145804230984
4076685047195
2789514197439
9668713022629
8959008290884
8796731802288
7329779286642
242282712375
9627147055924
3490038601068
1752502290122
6419530491849
8873310002865
3903162499418
1226072469179
8235671681539
5390881603407
3067344640370
4278939533536
3214815606757
2236457636749
5963363237993
6376609343054
664646867307
6412966079983
3594539620908
8196000185586
5680358570804
9668481902082
526738733681
8483374561950
7825081786355
9938656751913
5146939667761
6239412685063
9710472705050
1021357344638
9718413959263
5275936303444
8252145128024
5916879230779
1178304617309
7766999787075
9821090120834
1095689119631
541493832188
94246406938
9404660584702
4586434974787
2110867287413
7134399109083
7916039726929
8931217438265
9634033233519
2108997897461
1955138989515
8949945875049
7669855577625
5997129408296
6957201693152
283579284168
8054230006001
4010863295222
169929377766
9391375810543
4765808557375
5290986663445
4664627531647
2701234405213
1764447803434
3229427523022
3896098935742
1081650409476
1566790545907
3531110071909
5357767027338
1291933151282
5713618736875
328095286579
1765846172721
3296686995348
2013656425229
4577284109831
1351555158429
8382785249188
6014826208673
9711172822616
1786393099920
619942541224
5868232703027
5539701546928
4988934997249
1894225799963
3601884040732
1207569754671
9559718916932
8693454694308
9816055944939
1449546673045
4337552771177
1486643247574
2640192219336
8238706973449
7619185818400
1896723343279
8768637368278
6206231736359
6057973423270
3467784178431
3670594276054
5780353535095
2050368121822
9940870517594
5870508810176
9006769255963
8267053170397
4264254736277
1264500442616
1808853713984
5959719396582
3632089584909
640243596688
7606572959571
2010407667474
9731345960471
3896985495024
8104119175661
962888542277
7392835765816
8018315550893
6999927335702
619588258705
8071517116890
9665843258520
9429897328454
8201063283964
4918082025118
7325372162251
8274050651826
5599567287124
4374185634653
7504678948870
3109456193208
4027324672421
2711915136206
6634749582659
9800020730174
1627735657988
1458322379622
3461069513563
7384316767182
9688762209922
9937458813757
7238363397426
2250551015096
3441574255312
5078974235816
3386200033885
158048729463
4420436204624
5544878662877
1635830646534
2929276066271
1572830965996
7513884112904
9469052003921
5288817874713
341335917291
2112705080940
622554365324
6163957501653
5302956139851
8241249798894
7125657789378
2860846321347
7371746526597
2324970568269
9414119311459
2085271946200
9086938299783
9793163197432
4916594487196
3338807787473
4042487449730
7017424192325
1722543270039
5342684758464
2631490067151
2914801776774
1338201940971
2086559365140
7013568862316
8768417094709
8803166372156
2559938178054
9154564543748
4572148832418
8902293735241
9154948457094
5664467557899
4796663719956
8641129659103
6250016405539
1607941879010
7719805137348
5270727222184
4706927040084
7088952964001
3039835222897
7143896745203
7104079820901
1029791492263
3840472800008
475851854867
5751079928879
7465744661585
4730338356175
4120236595211
3310361229571
6247184688385
1127747552596
7728188845778
6611466411295
5938631949710
2917265829105
8729275312348
3511167395320
8595177063898
6707591181787
2078443162080
2509962168221
6076297210441
7314248683278
7652958610765
7834033896664
2376691955183
4012937692635
3229735249817
2373107097806
9985327605048
2061632634766
4376701093289
15431623403
3740106585420
619830372881
3672314685653
3315302418568
1092428371238
1996132321787
9368195492705
8584336841925
8816255896991
9750241632992
279637357569
5510087233177
7109323541051
1656932471793
5930137486599
5913754582351
8274148010310
3872964937452
8603656795262
7457129007296
329140270074
828414198558
8636432124784
3093019308785
4057364379376
9784275167780
4290853263221
8778573598784
2054587644855
3035632220846
9669326360399
1269829002695
543293158525
3014783730529
1826832415606
3345628364306
8288160030998
7662129513477
2842464162858
6026226133934
7466685941417
9612248841367
1997465138225
1201552314588
7292727684663
8612213547005
5193932437278
7339316672433
5112886030121
6252628646545
2315739456981
6718696746890
9746230250461
648111648923
8585716349790
2427269174878
1222128390602
1459271683464
1972969585806
1997518408238
2228140234500
3669825502171
7930451729554
9700790193178
9882644729816
9435457618500
1258623049760
4273422619092
386189615593
4091729532087
9212270541184
3681409100531
3328719268404
5244958293340
8360815832072
3507717790558
1428133116762
6605050237413
9693551096114
8725315796361
718275699895
2552499187241
9252874616364
2755035684152
2428267892926
1266245219932
4227211766330
295640722079
1525668194799
4664204604900
1452567131455
519810464593
6032825503316
4499848847310
125143301062
3862836266809
4910941426531
6031764725610
7541358511041
2817455166933
715759967723
3831227046820
6769776984241
9666061460099
269536833843
813317155509
2224087247104
1224552654196
6596374062858
5088055718840
3996364775716
9785776977654
3612061850234
2547324200398
2318834869126
5023217131986
8459958279799
2981722568054
318565159980
7438304877633
6434687300884
5934735041551
6021200505553
7238486451751
721731651516
5815353805488
2431021348681
1311407645204
9579390378960
3796389791090
3809814496946
5183612696670
4562429275684
9238662768125
2274302943938
533416635927
6683200288635
5272637498903
6094280442126
4866607309111
4220018596723
6190203092621
7135948472671
8377461516878
2827031366834
6782409457009
7658431191885
2289230168000
6786561989218
4796883344176
99267664947
6913608489131
7508785161774
8768824467232
9915766095748
1181020807951
234368415646
7122457360027
302836688961
4679864271266
8358436070471
3954243269672
17675149425
6664111789325
3119632935179
2485006480942
7437001535773
1144049315044
3043147587090
1488560495809
1135658811041
1674385131287
5346484728531
9757524816405
2922311887647
8907708597971
5748292498278
8197097239364
68725916401
9367423727448
5487267688929
6788298225238
2376051436757
2294554948374
7273436659014
9321562970143
4296862608881
1598027025500
9580335958073
4707421923827
5359540486164
277664226706
3495725407325
8587652499263
9267904202951
9594138223828
4452383478936
4977642722091
8603651495122
968463361097
1710659722248
4820231587134
3530831459490
5910729967235
1921194954851
9951662495827
1349606148853
9725668174736
1941232904425
1555414112070
4507727301428
4216486844255
9212225269288
6217528108227
6586521036630
1068614493714
4979593855799
7384892659667
6572533527397
5744886135818
9779263366268
6292054936522
5088389088927
8970570115334
3091882398638
8589071398366
9045869602112
5834156644060
3664460412375
8106532506752
338991900348
6029039291862
5508334872912
5674097356462
1818193974429
2018812291273
1484861860840
212808582148
4825396902059
1530242141888
7443003744548
6578462036204
5440451578354
3539349618972
8376076358370
4520673305547
681184689564
5881057297441
4341535394921
546219018930
7138393097464
5234209089673
1731135341424
6049228441094
5768395928547
1543655488595
9669937369852
4353935593082
6422307040023
6286381548183
9668329480494
5858840764082
7225754027883
495745658150
5269683650949
5151011999344
3837833265917
2538570168091
6037816532864
7917433560855
4556959310080
1578035759826
199102141280
6144528807247
5747248690090
3017498763397
6309980984975
189002596702
3115797121848
1975904120771
6385739199197
9363562174487
6539208176591
9355740925189
4741529696360
9058864812467
5863814062443
2919012882873
3131994681205
6511826649370
3994366176667
4906125011842
9687703699042
1228921721618
5139041041564
9510197920015
5164947781670
7161131594303
5891504450846
3345313519819
2391241627297
819789018251
606788584569
2246945383747
4639059601793
6801548831044
594863549047
1768742898462
7241151336148
2105612241315
6673448510399
8397347465893
1533289323588
3833065859228
4346498855701
9595945419870
9390616170606
5131365111458
1664635170419
4629531125497
5921727717523
2444774811207
1100085924742
497869288625
150907290985
8347551467309
760578241581
3431673072382
3130674059242
3327110138427
6457744487678
331731435766
899585091092
9518877375788
7890308520732
7259373453756
9885693384467
6073500139906
2022638641032
7466341218240
1213113205008
6879539024477
791728565874
9582791905301
5562160307278
2440313385749
8408414709064
9849494945609
6900958325258
6403221147282
3826942380108
5454453653435
9718260660110
2323235339499
1684348035842
2826189789964
55761093236
761710533558
2714248650270
9561328060276
8118468787393
4218729522061
7351623487026
4281468877190
5535951168040
6910301453079
7992774090781
9643435316344
445032953874
9912830712373
5368393904683
7716992352705
4822710883491
8863108874984
3118727982072
216308940172
9368068294946
9719895359627
9125429709470
7553461432773
7753437799329
981640804855
499158927174
2184976768778
3823396246815
8943434606269
27791982407
9602133132942
9521135501247
7048770088764
5972334524223
6932491302255
8758944444197
9929381247751
5901994033547
5065970196368
3243954814903
2568884578170
8068616388784
3887559136297
6801075835082
2371892014010
9857475232081
6043354289483
3538586472869
4695673792355
7008809420502
550041494073
3198288140244
8747845695504
3746895563114
1680237629657
1817376309678
8137644752095
6696497813147
1348317317169
9142598410317
9421778420665
6400849136487
7290016214656
5177009591297
6878066553767
616792873257
8007774528646
4797429771078
6789576381041
6407475926252
1407052591745
5875620904259
8513374590847
5112925250916
1880116098134
6148601021185
8566099103065
3512818052957
1044738765347
5116131384771
3007834693259
229688352483
1962283095973
7458800397049
1407146266238
6893457244664
5394706752614
9579357363461
8531731405027
8970950552744
5459565370092
827140137694
5802256064926
8047394644968
7996363135310
4414062488131
6011349077476
1872868385395
3873405006724
687141382206
7979768896107
893698858968
1617004545634
9600792511300
1447185372847
4477620105792
7295144793865
5594145700904
4632371226481
2856721776281
5549100924071
2060143883999
2738681190190
5114045830505
9585660485067
7060120473898
2328490296059
8351910896051
6765804725394
6907137137051
4585934997655
7339466130493
2220988482801
1593977393467
2098998715870
9323891362778
5566564895995
3496373366498
9682158288334
4679555341660
8987091090269
9846274066554
9119493161344
7150282825514
2238276381116
2968688140101
3213449905802
4759974966671
9285148799556
8027528118574
6921087051158
8389126845032
6016659326936
9715838488694
5031553460205
2067971406438
820180574298
3344640240573
1340181112409
3268738474525
9741689083749
2508611968559
2366071152148
9391230002729
5025281705848
8236017211645
6205487348312
7642985723062
4136645064259
4184878006707
5958884544247
9372300305933
2006989617999
6198875221405
1820966323724
2202231541884
5662922234714
2583891297858
1992451241008
8675167328694
6032237125396
1106380210318
1267383573235
8319870589547
9044327455728
6662034285570
2267239997530
7724492802638
8763816891211
670870127459
8367603243512
4329324629836
1524238380739
3633653366904
3118177088253
8854134480399
8744931326535
8530989848466
3903458642471
9504382634102
2220776826336
2934819787032
5531119223259
4494269484418
4743697541721
9012460562359
9624324047259
7794624810505
4302266242624
7984481930969
7260805364691
6916965264424
2194303012687
6564408243324
