501585808
889529464
727010356
220937693
788020314
500573787
667410795
793693045
887053590
518816670
510926264
787387147
662856079
512665810
321329780
734025838
797332197
791998281
601626823
662935259
602290906
538644049
574037641
725658708
887968591
506392695
665378780
223744221
517076633
533015387
511103767
538946603
669748415
795885437
736338194
228814415
601733372
782495213
884189566
724334423
665591628
518820457
323876699
668544958
509887056
661069123
539053441
517918834
665360084
889397580
227064690
571645463
780566241
500855522
726122817
518906105
504858579
229257368
503452741
690302984
536006853
228215499
887992724
225159007
501058990
322346768
795831225
880476484
886337255
691190250
699511089
225880576
880443637
228935999
725706868
884735179
667121374
726480331
512342521
328481258
880347777
661697142
735534663
787274145
728548021
537297347
576336143
784090157
531152841
536719598
226894886
570774257
733693637
608343226
322163896
608381704
786500461
792944397
735407938
572154057
512104340
329655111
321124125
694940141
530974966
571227425
503258825
881860788
607256061
723360461
603455394
329486067
604195960
511607264
536134559
536839865
881144176
509209969
506102802
603137540
727383387
729313804
519161803
795060849
506498798
608973292
696474416
535167904
501714994
695538864
694023279
535653918
534548527
327816303
785049458
514993962
512359634
665579939
739613607
329728250
727445349
221145145
509805445
661778147
579360972
736690434
515003608
228346332
662775339
780629061
889872989
882575208
506140331
697690776
792149913
576277936
500091777
887097358
602266099
602488841
514013533
511776929
731262378
225550089
603067645
504121205
575761262
732850130
883303898
794319722
730295434
667685062
609087479
724351882
695972893
738639321
796779415
885250417
739971492
510802946
883344813
228074877
327223600
502283855
531002233
698999646
510865414
604129708
511234782
789636565
787751314
698781280
531257631
514954354
536533778
513531261
220676323
225171524
229815872
724143739
737712761
786363777
660636052
785108176
537881898
506290304
601966526
578191463
781692546
533148943
722866560
698307397
794291498
788857845
327001693
888668852
666655539
737438513
733775923
734607261
507601370
668496608
321727630
727552648
225183837
786206315
519640586
532381837
604129162
221519817
786127462
798124597
221823455
720929502
698599329
732291908
668040503
225333912
325327034
502771600
603830120
664876247
509836297
662041332
538903326
799425258
222555583
781021447
726742122
737849596
572656613
533585766
730934641
669208012
885000065
227824473
660912660
536099753
734688228
573196439
533475274
731807131
539097660
889223483
663990103
532962818
693211513
532926371
321513976
503589817
697449428
510147054
730521107
692214346
888117787
320814217
798962373
724891514
799035728
534815909
781737420
501008148
885038047
509743885
881674779
576741340
329230257
792653601
667148761
799518344
530405213
532562427
789060704
731516261
734588849
664654065
662398057
502163766
226127444
537430205
729004405
692634221
795659223
519583466
221343212
505119719
739797667
326400889
500150953
224452733
536553583
795818482
603968964
575667433
722589309
608991272
571849795
533078948
796803512
694767899
320713139
608667705
664746525
518724443
667271791
796103802
325025565
513120009
507108342
795993553
885518631
321007719
787849258
884635862
695935835
731733892
326925671
884221024
576097365
604968008
662627343
727976035
694842693
785896977
539422154
514193515
695359949
325653848
667261745
799012306
729408999
789364892
737782640
690484970
666380539
512518661
790656217
504011114
698836152
532855320
733216468
783804832
668998185
320651510
888107779
604600516
224170291
790353995
728555262
730681279
884042590
501209954
691428165
537848558
531589687
883866168
504266267
328974312
608755863
880025862
535738400
780830101
724179680
506706461
665243657
507104979
579454635
328500846
728972289
536992501
533405992
504724291
798969039
512886292
579018394
220441978
886567608
663760534
226165735
570384664
699146479
600455544
737619491
323503206
721444028
721473219
696044057
602638147
727664965
660467082
516454259
510535645
507125885
609140968
517612350
228098503
500037383
514981293
726412439
785092530
697388101
223235457
720826726
784320384
697773187
735405247
532839436
885349362
790753108
734768684
512020614
888431355
503812913
782307191
504494787
508638466
577350281
509668381
735451957
538690873
793087915
796982800
790063362
321253264
786635219
667472096
790611032
601114759
602596574
572443285
609871994
788485518
885597136
606439474
516850911
536582234
573115890
889632342
666489385
501625995
575468718
693959583
690444269
884241142
609326741
726018482
223950337
724315527
606262122
721028769
328729805
575070048
728428398
732081755
327548676
326540368
324740126
783098528
227971860
229987226
882943363
222656144
538045870
732191344
323828103
532117014
724272602
515372580
790576810
512750924
222185103
500163052
539555313
661353664
888924027
226601942
514019051
728685895
227600698
886703112
575331670
668672622
691759778
732194324
536697698
537136041
608205510
533076837
605295581
574156139
796880685
888755930
517330014
796441956
780685296
789006824
797366858
534352412
537419795
696277646
698307481
579460236
606992658
737200537
693984500
573537298
728839231
728103201
882539745
576800853
320922590
792818727
513486860
536623056
535572840
736262271
608416664
784800455
884269376
692987588
723519916
533661677
511959017
604593068
322833534
327906120
665986799
660306602
727528242
504705155
508945229
220449408
508531845
793565360
691806631
227770416
329783543
574484443
223781846
722224477
789160138
792253824
797127274
662847176
732714535
513795865
535429493
577962164
729422748
731813031
726689710
791795718
783169778
535910683
515423600
572318555
505929556
721061006
695856491
579618175
691420538
531571177
225175712
882616124
793797988
667557026
732574393
222111260
224543674
789145299
510619386
794949923
606873092
730240849
506336676
225265149
886927748
574967302
530853168
694075731
517904245
693716713
603186764
500012769
320548080
694799841
799075663
660484389
227937034
228277079
329785908
571232763
325694489
322338452
783980626
322825175
517532920
784410335
508727724
664254882
531006388
690198800
509119807
663403360
220217882
572783174
698816059
602556894
510286953
730349459
666619372
519213499
518831595
883675083
511554187
573310619
794044690
699608162
694884619
539957396
738225388
661208966
503714386
222316744
698496235
517849799
503016761
882395742
220177575
323667437
783265478
888334774
605426716
724343330
600934611
609000813
575600991
601354210
504533876
321634934
538714565
738632524
577814672
609533396
225801990
720997816
784432672
227297158
320666969
503539864
660433409
888218254
782682205
699832608
738756472
534914391
505758657
505655408
532813825
691367779
224216801
511076195
326176689
789288001
602756241
513111475
605179221
508428266
570614037
785754415
516783066
692694472
573807806
226940348
798730585
736872146
222450493
500343812
694168833
605039943
506190519
579424184
506575166
692005659
329590859
227710237
726062995
726438256
662604921
789803683
665480982
721572439
792745961
733906502
229995185
662955785
500124499
726288938
793501960
782083415
510926595
320874225
512051663
727968287
605692381
663003071
539169638
726396433
533942409
692767630
574998227
665634107
791518956
727358859
696592175
692429726
517770989
726756145
226126995
505571408
572311560
604005137
606100450
326269225
538368081
795200163
515559652
787443597
691134370
885162240
785057433
739206003
883156485
602157201
519541410
663601788
320346169
798428845
322820279
723346647
607314499
663457989
507767074
503903522
733014002
795638068
787703070
505557740
797880941
888716609
783926632
723464434
513074968
731087072
228678262
668090645
699196881
694058913
665303376
724495371
793752039
882326698
662029577
533376962
328177595
531723039
787632015
794942646
662326373
662996525
668950123
789717023
882380002
720844749
723030388
322009803
575764572
572429287
577615267
536418713
799113990
784821211
799536942
535420859
798364900
781997962
697809601
786634889
698784464
226973661
506888873
783851187
531004107
690640324
516935284
602075917
725885193
885584934
570403018
600790403
782825909
606958974
693525662
571413110
328380917
697514914
220764389
797087576
573860634
223323937
226337589
504029953
886617102
886174354
660347934
221044617
512832200
517926922
500106416
220620333
222163001
320735347
226024195
723960714
533755414
731399233
697963179
504897588
664267886
604155647
602760167
788025527
693169764
788586942
699729795
508511603
722791391
509462749
732822596
665056788
665853760
790216199
731107531
883090567
780030597
513166206
227920823
737730903
518186866
695842844
579859385
699622221
323204276
736617209
783692386
727616369
665884339
788956572
223542634
518660732
889014365
506518005
503453414
607268372
663670124
699205181
698733349
508400102
225367414
783025818
506348830
696573062
519006886
519687748
533155855
320784462
503604525
225728493
660908620
796095422
516952868
881269930
696938990
722380940
722022689
884880729
786364979
797041915
609580210
666608090
512205713
573463938
662276902
220000145
506750467
320604786
575823277
692243492
539345469
783601269
696287662
320760131
788931401
513470759
728388188
782211859
887539077
537494523
600492773
321220343
886158117
722863568
518353986
570054196
731596068
229720423
538923402
327538614
723294636
571496805
533050930
323238193
799837420
222280822
697739841
788009335
780752606
727819351
537906862
222962542
783685337
576960505
735034376
511586743
723702170
786118913
505832844
795496706
604290925
607322925
533436949
574721496
607832826
727852861
536528377
226987705
574129485
790274558
730495472
603273303
699432084
605670176
669841786
605436919
573407663
799236679
722096169
693943535
793317490
791781740
607258516
515975544
886652629
537687124
667971648
579772866
514576301
697510054
724490455
538676867
723835890
793100281
515547869
726482677
503771537
506391148
530998024
501957748
794306555
696369981
323611339
787664523
889262274
665988045
784937823
880315037
602577966
785163346
792749623
534679120
729124266
691333899
794876067
889345701
517269453
729819113
783303190
788717863
323391796
505584295
506375200
574569156
570599482
324490413
726023343
507483156
222198730
727284605
608703181
575031272
536689677
720604055
609495441
228289833
514401228
791355525
572213857
577536727
789611613
504607646
532728977
220572514
519216989
500008375
503577123
691408582
721720826
222679443
880834106
505587556
329039007
606670732
574223907
796952566
794692768
607015786
227916441
575770689
609802427
229816121
503340305
508728648
605414067
795337318
516623823
728297219
886691557
503794253
576751266
882893780
575552794
726048358
667355109
532808197
574695475
228890886
698885593
509671808
791862726
791384604
789497342
720591784
535747034
578796257
797371962
724505850
502621258
660973752
504066459
730797418
698626911
736458351
570502925
537678758
572057175
606521445
507073673
725545694
660272955
600902433
501750178
887624974
221243803
329879694
886427366
530737473
500743716
326737026
508007819
665846960
504716933
509858806
798316655
692782065
223108410
518309103
501961818
531114526
503573134
669110988
797079355
699518520
887518895
883564060
691956065
508689562
690380185
501486639
607203059
518906905
605079701
721962032
538556774
666399731
570317325
726907781
222569415
887994181
880500188
518998452
731477195
883982303
694020695
326657976
602542130
788927464
534364408
537740337
884063496
787462726
788523967
538880958
537105509
608691404
882480712
662603245
325625381
729242215
507655544
734628554
737770749
514095870
607591768
513122286
506192549
735129572
728050904
510260524
694242361
327287510
723714263
726932756
885591218
729181214
572894477
515674872
790939230
667783345
784443418
329990995
694550561
725326268
321899441
604008569
736358989
503728008
787806758
797344170
518948289
575606952
607580577
224814480
533120350
222375010
880563696
515193501
530405895
537783668
325155791
576910123
537776243
781346985
506480883
324069283
510473405
888173893
724814120
791130917
570007869
220835513
664516450
571460029
229867351
660562439
735020239
666406130
517406247
222058337
668996586
797211357
722664510
512916926
515325085
572871403
794127054
721342604
602710478
539644285
732185405
533785920
601958175
728734267
690034160
324343822
603090848
781233380
783734909
726928213
228963473
503277540
227833073
609008746
662174770
887358442
535962126
320983429
533361217
608944226
321536792
517616357
329949197
518228061
323129991
888321947
506068831
695085147
505556283
697024094
666045022
325442161
532716609
799097853
571358044
720199425
797375324
578818344
661976875
511665679
726225253
660412026
574832322
781363736
323057588
575562810
691268112
721127890
692317260
221780771
513103041
224015201
513941214
579497178
882322693
518013590
727207622
538347958
690124697
880299070
514546703
508300617
695972995
698626036
721299185
322534003
660129479
882387756
666200536
722208478
512126007
511750975
691973606
227858642
516265678
502890470
224763095
662194383
229728377
508712239
502518592
515028379
518378895
666070275
508901351
514351164
537937274
325595208
668454160
661871479
690962985
790331114
694014800
570569312
535949032
510600114
662262376
221100274
535037864
695922446
726834547
669630304
222876585
533325276
724866647
888605262
695521941
731659814
607059020
797274179
723143280
782602940
608993625
669995258
222119225
790209070
221986738
792231110
730298845
607775801
781525015
572591874
662516292
227653985
780576288
603691603
516938699
787042995
518991380
724805255
665295927
576572680
533425938
695073046
515104607
725677846
781123111
735817168
797896804
699442572
739573087
661733447
539806502
792506273
696079234
665499292
723398408
221411207
794275118
325875400
739032058
888256262
538467369
787764246
326710605
668577057
721482005
668159726
323637639
732563644
602795537
224863688
720392216
667337508
887577399
726904889
575560116
783917142
503224982
880139489
504717404
227677856
722595906
535620925
796758691
228927946
536403299
223067699
734815503
792114072
609311170
517083879
796244370
698748159
227482388
725920479
326650768
228667250
508230087
573122226
732887350
323008362
324151035
884510055
220497416
695030799
503185499
693742770
720183453
516607045
720242454
728077155
732182480
223099137
788517177
517679021
883178352
324251674
792492062
692321890
736231203
884202240
535016741
691729508
724720924
221811785
698398466
223235589
662926206
786987685
322998851
692372902
725773039
734873768
731432772
668861602
888585969
727101810
735568842
508308127
608692766
881817542
735606480
668292437
697504790
604082033
325003623
517127741
228098035
729686715
732052551
739989771
781602261
794990660
539124296
721927550
695291991
660773973
885314540
695278578
660712199
725319827
220546805
600440159
664359398
888538000
792203992
794510252
788825796
667384966
222954249
735644832
666169705
510127856
508086141
787949360
789852645
691982775
228892637
223414212
602011777
327391654
600294512
787432735
787571105
607759637
222700983
326683495
660353805
501438001
699537173
787156458
570666181
695192559
729126706
531995460
221266149
732514892
605435486
517483219
324286177
578962596
322895086
323790980
222440354
783689296
786259292
667805276
723380348
730595655
694356361
735630320
794024262
518090321
885819376
509933737
785885644
798759042
226748009
533561833
536637464
725998109
606025558
606310515
515651465
507968778
667672202
699559731
575111029
570618400
539862789
887304586
661564786
576538484
666104240
699013224
667682094
732572974
889104929
536480949
732085636
889270525
501373951
324719543
732184468
602497512
734848188
695164725
735877493
696776296
883901577
886050050
603554243
224137940
604118137
694240069
322855519
788363137
537731467
787842099
320104749
727189597
667171714
572566833
537834389
536559115
785106556
662864847
733776960
886359208
663435327
537577979
531109450
509768228
600095383
516084710
509368938
221965131
783590573
797595191
511932827
329434765
791565471
793575623
539769828
578213180
738174493
664370642
692765081
880703990
579493678
502349591
506878773
731304384
508824665
787589225
225150021
577341892
790651738
519005260
795773692
785767487
579554968
604546368
790093831
603205218
736968574
726281617
320019021
227475866
328643749
506431341
220769972
532258898
735476337
887331045
731721460
695100936
601140733
570411849
662298736
509119220
570086173
887484170
607535084
738601098
781054557
222597926
666796802
792798499
664246236
725218161
888844931
531403563
603618999
329979834
531539184
327235549
229263699
504829986
788037399
503032742
780342491
727427375
788973638
220768641
788476071
886288734
534011523
883041885
730931797
221380674
698913161
738964616
224693065
606115935
881750070
724095403
662616925
327649830
720483928
725453582
578668940
531789517
501200486
511683861
883109360
575760089
223414153
515843007
780726620
665549854
508092777
730168198
667186376
222170598
575241509
725556752
606833763
531101226
789632955
510668145
662514824
691507945
228466873
669379605
515637557
668016728
692989938
503421334
574392366
723366920
668576759
887705630
609634906
731423776
799970093
660184547
531916450
325989320
880014538
577988972
505848109
515267405
321805032
574224166
539407951
221058451
665813393
324387360
662544363
505562431
500726267
889891093
538305771
603367964
516081348
608108126
605287545
662528229
790644164
781309634
789659998
881817872
534321734
798382172
785292498
576544747
224632426
229106772
505263623
579605683
323519160
737231671
724734663
324441070
663062933
575917488
795902164
539348883
668887260
327718368
503599422
669272295
532238608
784383916
780227034
889653154
660303401
666912196
503339217
574905289
574911469
609381335
227490379
533643322
667514880
790536844
322944155
509998554
502497617
532940898
729974431
573653205
573409663
607168484
530870225
518843833
227709877
329817941
577877310
539977140
736427327
736286087
693112679
223566018
604593483
697323834
325924083
696343521
739714408
220045184
516321638
221362511
691092065
789764408
781677489
518425611
886666087
797543783
669413184
788594565
727423470
695075043
514723864
798184444
733399556
576571760
604637023
790566022
535759146
665681061
737374841
571833409
575922610
693693051
733847585
509211750
885679177
327542673
511181751
780973851
571860385
506851366
783052784
884407647
602771473
784826335
886637180
608606699
576468178
603049691
221527489
608973423
799388740
531014003
694234376
780825330
571844083
796561085
220541176
519794719
738875970
533653809
574003764
602315911
667125699
500347177
780931383
513539228
539019189
222347733
222689872
733617494
221912230
570655538
699677725
883151407
227527533
884759511
602262970
516191615
573889529
227204257
325579636
226475933
576601622
667809876
500402682
601932509
695287486
322003325
518547036
323462342
533678850
792216492
329031359
329494473
533401558
605393222
510441345
882180126
795266951
222041338
696908922
664633403
666068180
660928117
538383500
787131580
576603645
539891098
320374151
882020273
503597469
600905887
798305003
229016862
693394415
224115582
533713544
727438954
730469247
325807779
500857969
227456836
790875384
696183464
600483654
579852720
570243207
722744816
889783839
799138000
579798017
576537583
691596111
692300907
726724021
532943275
662205900
667793775
328055340
792542727
788085212
661978402
692929512
789873666
887953270
729663416
328962367
504190294
508164815
538687360
539727812
606378689
668141682
570937438
573037862
783586284
509999427
729461798
691571918
321760138
325328485
887115848
536726433
228763790
732069696
695690040
223846955
607737845
324488737
699599621
691412176
698351038
667292479
736435366
229464679
607433228
222126328
782750086
691454585
579683785
501564355
728052277
785880202
734627190
735159405
538431849
690876932
511798919
738395291
792287405
794633201
327755571
517173308
570564662
731471170
733084395
733993375
608439105
535537364
224012236
733121228
608171467
577623695
720983135
223569285
329784875
604788058
739677909
506637649
885230498
576901692
577951629
781464385
500115829
794664997
607437994
737184387
574685042
505820378
576131695
222369006
530490393
572198276
661934772
881529852
327759595
512111810
887637959
220190089
509954714
328245280
324144079
608162553
731398874
504946595
782974243
786251522
605041454
667014193
666958649
735676228
690653870
729952819
792379911
222378958
502486431
608696895
328893631
699091663
576654341
722140191
608703949
579893815
516134249
692670715
501954604
503996592
321281010
886170143
794019600
725862855
604196456
514688058
691528965
663697407
693297101
320486710
600937995
511219775
606450696
514290142
602192806
880857635
887260933
512197204
692131898
501324780
608195087
503558577
793013748
667846089
795844615
226290930
531607617
511086392
607737347
500686520
500649427
739475410
665022117
530560274
225052504
731154989
573014350
322671367
691171324
511564681
513571308
669164185
221138641
693221123
665882496
574986798
329731476
665920468
731780664
511783149
691899681
325971290
534031086
690381855
608418536
735579417
573406180
697619357
606184258
728253232
539335972
220044578
530391261
732511003
531638732
517044985
603633672
791547136
799416562
603873865
883269076
329974313
604076002
796507618
222205938
503323282
734977764
324533226
500897376
537525258
697903503
500096111
692663970
579682861
512722052
576477101
788325082
727217048
505248992
607146227
570974395
787382351
504284209
669752574
223093850
510854187
500960849
579931634
729009264
884508605
697626380
661770297
227742150
320727443
737683140
663547331
501075525
784008542
691955612
577163222
797608347
519944992
795581703
692681243
696084710
224125614
601677481
511494187
784606245
503985774
537437089
530123860
531216967
690235307
532574527
575537490
519409539
793601372
791479491
738329263
882384695
697893783
578629870
601721044
501703686
668155171
508616599
698633063
887156266
790665267
880963661
735686821
515791507
514461049
606528720
696616525
535127083
782467064
786136815
886806621
692738309
726969790
329057273
539279524
539915072
328171640
720891417
669245807
508977632
518757871
697473694
515591827
538687252
733448452
792486032
883022885
784600865
784392462
531469960
699775540
579999221
601036109
725300302
697107343
503988051
609422153
888689828
726278088
516395967
727270816
601317337
880487102
504337646
320148689
665337611
732641168
577600365
607100567
795341325
781832636
720469623
728214900
535862982
881346890
600833214
666548965
799142579
735208072
605021136
729125996
793530123
734329741
664990297
518266855
698382066
328059418
692941535
578259597
534377586
222700752
720116729
602967875
608715675
789112213
225454141
605253390
325292279
322087553
729075065
503460644
791316487
690113460
600716731
663418179
788577620
693738808
788641385
699186747
515651828
780813664
789235280
887208114
720237463
730430401
884429193
511910510
886438444
692701625
326097156
579780991
571721799
788727405
228262461
323197217
883062889
887537137
532994590
533718916
885201681
884641306
515904645
506558904
609683463
884469448
322479515
602816448
727714774
729092390
530428519
696950533
669779231
534002317
668695327
798818073
322047070
609374635
326664186
737275702
790553149
578753950
794870759
721565348
790936910
609609877
508982462
787257009
518520174
573474100
739224771
579641902
223793822
669515286
503177909
787140401
515271654
321140942
784521193
228732226
699243851
668793193
732195194
888730469
888481975
887733018
734922771
325778526
516967714
691967979
784858780
888554626
724970602
696204689
500418236
222081784
721102125
792507830
668357676
792086344
662643702
733310718
517204571
667605690
734447687
794278164
605180135
660277483
502939944
533493056
573240955
790249444
722206204
695216247
720766793
601975779
736594882
692147424
723015620
881975285
692133351
888758545
738887328
722945841
608464855
664897394
578920503
660875919
660014554
727531205
534473885
726314958
514717146
602313051
797535887
720538340
509063089
692845482
505349929
324347052
608859793
536712256
791444443
690406837
512528263
571176899
720332440
220246689
501054595
601998467
605445372
722956038
885629113
782691446
602744800
799980130
692269266
506260869
780631169
793496116
790696088
696133143
880466651
661013300
571780204
792301297
693565366
883946555
326450787
609576678
607833099
782458866
505983954
694512304
725165901
721675598
605729750
328094680
605153749
737809943
721908994
722207168
321512573
600827981
229361479
518024753
886007516
501352046
504565160
737242700
609568594
510095904
536701775
786042856
721967934
724819972
886022593
880279077
665056834
573341273
572515062
788570053
505111846
604813423
690634699
600824694
570301574
224298298
661732643
664852965
601388455
536810552
697855963
574315620
695200883
722605806
725293166
605155429
322156232
604808843
786149894
326631382
227782776
577984971
729501545
577317846
786355132
570300851
226124089
530414741
785495421
665089228
225856908
720741485
789070718
728673934
503284107
721870779
787977345
739269903
729006302
326323155
320562614
