15.42
70.39
88.21
42.43
65.44
21.0
12.2
47.43
82.59
80.12
24.5
84.29
60.54
30.16
31.37
94.73
37.14
23.53
31.78
48.5
55.4
50.59
87.69
53.2
99.73
97.58
31.39
97.65
86.71
25.2
64.53
19.13
48.1
79.2
85.3
22.4
95.7
84.16
17.98
59.37
95.93
70.92
22.75
80.51
97.74
51.98
19.67
98.83
84.89
24.9
97.73
69.5
95.49
39.67
17.98
8.65
87.32
13.97
58.93
92.22
64.19
27.49
5.31
20.74
88.46
93.34
15.37
26.14
71.87
61.39
9.6
23.34
32.6
27.48
83.66
97.39
96.5
85.15
98.39
32.97
60.55
62.37
11.41
36.89
40.2
28.79
49.32
32.82
20.42
25.42
51.9
38.78
69.57
15.56
77.56
58.68
97.6
28.8
1.96
6.87
78.68
29.39
82.81
26.43
75.3
16.81
95.0
3.36
85.39
4.3
29.4
41.1
59.28
86.85
45.35
68.23
28.23
9.77
44.65
11.54
40.16
0.9
64.9
79.91
0.69
98.43
1.54
83.14
62.86
55.61
3.68
98.54
84.89
56.59
26.67
97.44
91.84
80.84
63.15
32.96
9.35
40.16
12.23
29.1
19.69
86.27
9.94
66.45
12.98
49.45
23.44
2.3
69.89
48.74
84.84
89.78
30.6
89.46
46.16
98.98
94.25
65.99
3.73
98.7
9.83
39.14
28.59
44.42
87.7
58.31
64.38
32.58
80.8
30.77
93.8
36.82
38.77
87.8
21.32
25.16
1.4
81.84
27.89
50.65
66.68
45.11
8.6
82.51
83.36
3.8
41.15
10.85
53.92
69.7
53.99
25.5
80.82
21.7
25.3
89.0
11.41
0.63
77.8
18.55
32.41
47.74
75.68
79.49
38.2
45.98
80.32
51.95
93.1
48.9
22.15
53.41
79.51
47.93
1.39
70.4
67.61
5.45
35.71
56.89
5.97
8.44
52.43
47.71
43.36
62.59
34.17
37.38
88.4
51.16
40.66
85.57
37.4
59.57
57.94
19.84
80.32
40.54
81.48
16.4
32.86
73.9
47.66
90.54
17.3
28.7
9.96
40.44
93.92
84.75
73.83
23.2
88.15
64.19
19.49
73.72
68.1
57.1
52.77
41.4
58.9
29.84
15.5
23.23
56.19
11.72
3.65
56.75
61.87
98.7
45.46
60.2
4.9
37.22
29.23
72.8
62.2
16.56
81.25
23.41
42.2
3.62
62.81
1.71
3.55
76.44
48.47
25.43
38.1
84.36
22.53
74.97
12.48
45.83
14.43
73.42
23.24
44.48
81.67
83.0
34.54
98.3
65.98
52.83
18.77
86.39
10.42
25.56
53.73
93.82
42.56
6.92
54.74
69.6
83.0
63.98
51.41
40.1
70.68
39.77
4.82
31.5
80.83
53.53
56.7
98.97
66.49
29.41
28.11
55.27
9.41
34.46
37.39
62.48
75.25
61.21
89.67
32.3
77.35
4.26
71.1
63.72
57.71
37.84
48.55
17.5
84.7
55.44
91.83
21.14
70.12
35.37
17.79
46.6
18.61
4.5
38.56
93.8
39.95
77.63
69.97
85.2
4.32
71.9
22.49
41.44
47.14
3.86
41.59
44.9
70.68
0.97
96.79
41.23
41.94
86.32
56.19
65.83
46.1
83.9
58.59
40.26
52.68
93.1
41.78
20.85
42.72
32.54
82.93
99.17
68.53
87.13
24.3
76.8
32.38
43.27
37.44
22.15
15.63
45.27
9.96
95.72
62.89
82.55
13.52
83.22
8.32
67.4
3.73
43.84
8.1
32.4
62.27
39.7
39.3
6.29
72.61
81.49
1.97
2.18
13.95
79.78
85.73
40.54
76.54
94.1
93.1
77.27
7.9
4.85
89.2
17.67
75.2
70.79
92.27
10.76
85.34
58.81
25.55
73.21
24.91
98.9
90.16
39.35
51.79
68.44
88.91
61.26
98.42
63.12
2.18
24.82
74.72
57.98
13.3
78.85
28.9
44.25
24.91
73.99
72.96
20.69
85.11
64.8
11.79
62.41
84.16
85.99
30.78
84.22
28.58
18.48
69.8
16.48
12.55
83.26
8.69
13.58
5.72
90.34
10.94
50.42
81.2
45.45
89.89
21.21
7.68
36.26
48.32
58.95
34.87
3.43
69.8
16.58
69.62
10.11
8.83
99.17
54.93
18.3
90.32
19.7
88.95
54.43
5.57
91.2
75.32
16.96
33.6
76.69
93.38
50.51
64.4
32.33
1.7
55.77
89.36
67.57
17.29
41.34
45.9
31.47
69.26
58.58
32.2
32.51
78.67
40.57
4.77
95.69
72.49
40.73
1.2
52.68
28.49
15.72
31.27
29.2
18.42
74.45
59.27
63.73
34.64
68.93
78.89
64.56
17.49
11.51
66.87
18.37
97.61
56.81
85.8
52.45
55.21
74.89
22.26
68.48
87.13
55.78
52.93
65.12
86.3
25.4
55.65
13.6
90.89
25.49
10.6
72.99
86.97
44.1
81.31
19.36
69.51
47.53
44.55
0.63
71.52
41.81
90.8
60.65
85.16
61.69
91.61
27.94
62.1
35.43
75.4
67.35
75.3
26.85
69.61
45.7
77.77
66.12
41.15
82.55
64.43
61.75
4.3
93.74
49.38
49.26
94.49
36.63
72.92
73.48
16.83
22.46
67.99
5.19
44.71
52.62
2.36
5.8
88.75
12.87
27.82
29.4
62.83
85.17
73.97
97.91
40.42
87.1
48.35
61.22
94.41
86.54
17.34
38.25
63.51
36.75
84.82
21.1
5.21
40.91
5.8
56.31
93.83
99.35
25.98
22.14
85.99
65.3
51.27
20.13
78.5
48.21
76.78
19.82
58.73
34.54
50.5
79.0
13.14
27.28
62.2
6.93
37.14
9.62
99.13
23.55
50.25
43.36
33.8
57.18
21.71
29.79
79.31
32.72
81.98
3.97
96.95
7.42
19.39
13.2
23.0
76.83
39.86
88.6
71.42
32.99
44.15
54.38
25.79
5.35
35.83
22.17
51.77
41.39
78.61
88.76
74.5
32.44
85.73
88.34
38.58
1.32
81.99
6.57
1.85
77.58
85.75
47.57
40.86
84.71
35.58
84.34
39.93
91.78
17.47
16.33
22.29
71.22
33.62
92.29
45.79
27.32
83.69
1.6
15.68
42.87
23.2
76.86
23.82
56.45
66.65
14.76
63.45
6.82
15.52
92.21
74.48
20.49
24.7
0.5
11.82
2.15
57.81
33.23
44.96
43.68
80.18
61.43
54.25
59.47
82.74
63.65
97.5
7.73
93.17
58.77
43.68
39.6
28.0
64.52
61.18
85.91
40.33
52.74
42.94
7.34
74.24
6.64
33.38
30.42
64.65
6.35
98.77
20.8
25.78
61.14
27.11
31.21
27.91
1.75
88.83
99.37
38.39
3.37
95.44
15.88
11.68
4.33
44.17
21.0
50.84
44.88
49.72
15.58
17.67
51.59
79.9
69.82
3.31
82.7
33.49
42.23
58.9
27.65
85.15
16.65
84.99
72.1
20.64
19.66
71.11
84.85
90.9
71.7
13.17
36.89
11.11
8.32
6.93
4.78
69.78
94.18
76.39
49.15
4.15
1.79
95.81
18.54
84.44
21.82
25.17
92.99
15.5
32.1
15.3
67.61
89.5
46.15
48.24
86.9
27.32
86.41
21.85
66.91
31.28
82.83
10.96
63.82
33.53
33.49
30.61
1.44
0.7
72.75
21.87
8.54
66.75
3.15
62.49
79.61
85.57
45.21
38.69
89.64
22.13
78.27
96.19
36.62
79.86
50.41
42.12
17.57
70.7
47.98
56.86
1.16
88.28
47.34
21.75
43.66
93.56
83.94
85.83
9.73
84.14
20.79
92.7
60.1
60.5
14.84
73.48
58.56
10.48
55.59
41.91
54.2
94.27
6.46
7.5
85.93
97.18
86.75
64.8
2.25
57.82
72.0
60.29
76.35
29.96
64.54
8.3
43.69
73.75
59.66
19.21
94.24
30.21
94.75
17.2
50.68
79.49
13.54
70.99
78.61
22.36
35.34
57.65
32.88
43.98
48.69
7.3
14.5
29.6
35.56
4.31
68.87
47.25
58.16
66.57
68.53
90.11
77.24
26.71
37.9
64.59
24.43
50.69
97.89
81.65
30.25
78.8
82.28
25.59
21.38
93.38
62.7
49.24
64.6
16.5
34.86
58.41
0.95
16.25
25.97
10.2
95.61
90.47
90.84
39.4
10.92
51.43
42.81
1.61
41.84
95.68
22.34
89.42
90.92
8.67
53.43
73.74
28.14
11.13
12.29
4.8
97.48
2.63
74.76
37.8
24.49
47.38
76.5
94.2
42.0
71.3
60.28
99.49
45.28
12.73
21.18
83.3
54.28
58.19
21.7
47.74
9.7
28.52
89.14
30.44
59.94
9.97
8.3
83.38
9.4
62.33
63.7
77.0
69.27
13.51
70.28
54.96
68.9
89.52
3.83
90.58
22.98
72.49
62.78
91.45
27.67
30.68
60.85
62.62
94.56
79.59
22.91
93.31
56.22
80.42
13.51
18.1
81.1
48.85
7.49
60.55
83.71
5.61
44.92
72.94
70.68
35.17
8.63
51.83
3.26
68.82
89.94
75.47
24.86
35.21
72.7
84.79
87.6
79.56
1.78
63.6
16.23
65.34
34.93
18.84
78.56
25.51
26.16
41.26
59.63
83.51
21.7
43.48
74.15
13.46
18.93
69.4
74.16
68.89
30.67
67.66
93.55
3.9
28.28
27.14
97.56
67.14
82.45
72.79
20.64
62.89
48.26
32.8
47.19
69.68
60.48
43.22
39.1
73.89
20.38
19.93
74.83
24.93
77.5
56.55
14.36
89.29
52.4
61.9
17.33
1.61
64.84
89.58
8.81
46.61
51.65
24.89
65.94
67.82
26.29
84.5
11.19
58.97
0.5
58.54
79.59
91.71
46.43
48.43
82.18
67.64
89.44
73.27
52.58
69.67
58.83
76.7
55.93
70.74
88.57
91.19
28.42
27.52
18.59
23.16
37.34
49.12
73.84
58.9
99.43
70.72
75.27
9.7
69.25
16.86
82.69
73.76
26.28
78.3
82.4
81.57
10.85
78.64
84.15
59.87
41.75
50.63
54.87
97.14
54.83
73.89
63.95
50.0
1.11
1.68
59.39
88.82
32.37
76.11
84.97
66.11
49.44
15.89
31.37
49.59
14.34
41.52
21.55
62.97
87.89
97.3
65.99
12.76
88.53
38.25
38.52
9.77
25.9
44.5
8.35
58.19
79.81
59.94
20.44
22.22
4.79
42.54
6.96
92.12
61.12
8.34
75.4
54.84
90.47
72.27
59.81
97.16
29.4
5.56
47.76
43.57
37.5
13.71
48.41
57.65
14.93
25.84
88.17
78.82
55.73
19.73
75.19
41.22
46.65
91.68
47.62
49.56
42.67
11.78
9.63
73.24
16.83
67.32
30.14
68.77
87.83
25.3
19.23
63.2
53.85
67.11
38.31
78.14
34.29
3.65
66.4
54.69
12.1
50.5
55.91
81.2
27.14
82.0
27.1
23.34
7.17
94.65
91.69
63.6
1.49
3.37
86.76
95.31
97.62
30.7
1.24
91.69
56.51
81.65
77.74
71.21
40.37
12.55
41.56
47.9
29.5
94.84
60.27
0.48
53.62
58.15
96.83
79.0
77.64
36.44
45.21
91.34
67.4
14.87
32.43
98.32
46.93
80.25
2.87
62.63
52.43
9.84
67.39
4.82
84.69
41.86
31.61
44.71
79.56
96.57
66.1
69.29
46.88
4.51
75.13
47.57
28.7
32.3
99.4
50.1
26.73
20.8
20.68
88.92
52.35
73.17
79.91
11.7
70.1
65.5
26.68
46.12
22.6
45.7
14.96
57.21
15.48
7.49
18.13
10.12
64.61
28.7
58.49
57.43
57.25
46.85
74.45
83.3
8.16
73.93
56.45
93.91
4.28
75.82
94.8
81.74
60.22
89.63
26.4
18.53
41.1
46.41
66.5
83.82
9.97
38.66
55.62
6.28
80.41
20.2
0.29
53.96
80.41
41.52
4.87
12.43
46.54
90.23
56.97
10.66
75.7
30.34
39.44
18.84
50.21
32.53
72.41
5.57
94.11
21.69
60.8
55.71
91.48
99.31
98.6
27.99
71.63
60.82
7.56
8.22
52.78
65.12
85.9
43.7
47.63
7.27
7.3
73.63
66.11
75.87
57.38
22.69
60.51
97.35
42.61
68.79
83.25
81.51
14.93
86.69
89.49
84.85
11.76
14.53
36.67
6.12
61.61
35.14
32.71
49.99
26.12
56.38
44.7
40.94
66.87
46.8
82.85
39.7
19.24
89.22
6.84
35.5
40.34
93.52
23.39
39.61
12.16
64.0
8.27
35.15
72.54
41.16
84.0
23.4
40.15
65.21
92.8
97.46
47.54
94.39
54.87
95.39
9.5
7.35
50.92
76.91
41.18
61.51
18.53
38.84
94.53
13.37
41.9
72.58
86.3
53.12
54.82
55.76
2.1
66.0
56.4
40.86
84.22
0.94
54.36
55.41
49.95
25.1
7.74
41.2
30.1
71.38
74.37
50.2
38.68
59.88
63.33
98.16
64.26
67.83
55.76
9.49
48.76
88.62
20.47
57.95
22.1
83.77
23.94
75.27
94.6
96.14
61.65
36.78
34.69
90.99
74.18
90.94
47.41
85.36
65.41
0.98
94.85
56.9
76.35
83.23
54.15
98.21
17.73
78.67
11.93
20.52
76.64
81.82
32.16
60.96
64.62
88.89
87.51
26.9
77.21
70.12
71.57
33.25
73.76
9.48
86.89
98.65
78.2
42.54
96.57
78.15
72.39
19.64
51.83
9.64
8.7
26.38
61.19
96.95
50.29
88.86
9.63
51.12
89.74
42.32
84.54
26.64
6.14
90.19
90.88
85.7
83.25
68.75
37.57
42.8
91.96
68.66
57.15
4.12
17.6
90.19
15.89
87.93
17.41
23.94
81.22
62.9
18.81
31.1
45.9
72.78
56.46
39.18
85.2
85.37
87.5
7.81
49.36
13.4
97.25
97.7
16.8
75.6
80.88
77.76
9.31
12.6
76.1
92.39
82.27
8.5
67.1
67.48
30.79
35.55
16.8
66.71
86.23
26.48
76.4
9.94
17.89
26.64
48.27
16.84
23.38
48.96
93.29
32.95
44.61
75.21
29.46
52.14
86.52
4.27
18.39
88.48
30.49
7.36
41.82
43.55
64.55
30.88
59.3
22.77
33.67
3.53
7.77
94.98
83.57
35.58
70.15
38.54
42.47
58.7
29.47
81.33
89.5
6.84
38.68
28.95
69.66
34.33
40.64
4.59
32.77
12.13
48.24
58.2
54.51
48.31
75.2
93.61
46.81
43.98
72.48
55.7
62.14
18.22
19.88
1.99
33.9
30.59
33.0
35.4
71.13
71.38
82.72
63.39
81.33
46.41
48.21
29.36
50.53
30.1
11.99
15.1
18.46
24.38
98.57
7.22
79.52
46.74
53.2
45.97
68.23
43.67
71.71
78.84
66.19
13.3
92.3
10.93
61.86
71.3
23.82
32.56
94.6
73.34
76.47
81.5
95.3
2.5
46.18
79.71
37.91
75.12
75.88
48.26
31.11
49.89
50.8
32.88
99.72
44.95
79.81
32.9
26.26
34.77
53.89
80.4
16.38
35.7
4.94
50.71
42.19
33.66
90.75
36.5
22.4
20.44
89.71
11.44
4.33
82.6
55.48
21.1
68.19
21.84
15.9
0.2
93.31
15.29
26.76
2.24
9.8
65.91
42.61
41.46
44.24
50.58
75.23
99.46
68.27
51.67
58.1
22.83
29.58
20.46
18.72
49.0
97.9
80.49
59.37
96.18
91.64
83.81
60.27
90.19
1.5
12.58
59.11
59.6
17.19
7.34
70.31
26.75
0.59
17.76
30.84
7.39
55.88
11.67
29.75
28.76
68.29
82.57
41.61
61.37
48.75
30.13
38.99
75.86
28.88
53.78
27.38
92.47
91.34
84.31
48.94
8.94
33.0
54.22
89.87
81.13
15.82
21.78
4.14
1.42
40.17
12.81
19.85
88.82
12.59
33.28
70.55
72.96
97.4
65.71
44.66
91.13
43.13
82.38
36.37
51.28
31.62
55.4
80.88
59.11
38.61
67.74
38.5
27.4
31.82
66.57
63.65
38.89
56.66
93.93
16.1
98.6
81.31
95.54
29.73
12.62
99.86
71.24
56.73
24.27
35.48
49.4
43.94
21.58
97.35
72.33
35.11
29.57
81.31
10.74
39.66
26.26
28.13
7.73
80.62
57.4
75.7
60.89
49.1
15.87
79.36
88.93
63.21
52.84
17.22
42.92
0.38
68.85
24.88
77.28
2.7
23.19
91.4
27.15
2.16
47.41
53.2
89.7
58.91
29.99
68.56
78.55
64.71
49.39
60.14
97.35
57.37
50.82
46.1
72.63
89.56
57.25
9.2
30.36
20.54
21.1
83.68
27.5
70.62
22.26
18.88
41.65
70.2
88.52
12.83
40.42
57.44
84.89
48.45
92.7
42.86
72.66
79.15
45.91
93.42
13.29
13.39
85.49
95.67
41.16
73.46
27.56
94.42
74.46
88.36
9.89
61.78
30.62
54.85
24.49
85.93
28.18
15.65
56.39
23.53
55.33
93.9
0.36
49.72
90.97
30.53
65.13
0.63
18.98
18.67
50.68
16.86
56.3
84.52
16.67
57.88
85.84
92.49
26.61
16.31
6.56
52.75
37.76
97.1
39.12
21.0
21.94
19.74
43.33
4.6
19.84
69.45
34.2
82.73
90.8
37.3
77.22
83.54
24.32
25.83
54.64
63.53
40.63
12.61
44.46
44.85
17.51
24.42
20.55
72.15
70.4
21.6
14.82
80.67
26.28
9.22
92.67
34.13
44.27
82.99
11.94
99.5
1.49
3.86
43.12
98.12
38.92
64.37
65.28
75.92
63.81
40.66
88.27
54.45
13.89
6.42
91.43
95.32
87.67
42.0
23.43
62.64
65.0
72.2
5.1
81.6
63.76
95.82
77.93
8.3
95.9
13.62
28.2
22.6
31.15
20.68
82.44
3.48
12.18
72.78
3.2
54.74
1.82
40.96
94.24
15.6
55.9
70.1
93.32
20.7
39.8
31.81
7.41
7.31
44.9
2.37
10.95
85.0
28.21
1.11
55.66
58.31
64.15
78.7
58.42
37.99
95.15
56.26
93.56
33.93
22.29
90.73
15.2
24.11
41.42
65.77
38.91
25.0
67.91
1.1
80.51
13.93
96.25
29.84
90.17
83.25
7.94
85.79
73.81
60.42
38.58
29.31
61.98
60.93
40.6
91.13
19.47
83.37
53.11
0.96
29.89
87.42
47.33
19.2
30.85
22.41
52.9
66.47
76.66
90.14
71.0
34.63
57.19
21.15
91.89
72.58
10.1
10.53
80.22
78.27
92.47
26.1
51.94
78.53
33.48
45.16
70.73
70.8
96.23
84.94
67.15
80.8
19.2
3.52
10.86
96.69
46.12
9.45
36.49
0.86
12.8
87.82
75.6
70.5
50.58
65.8
66.61
54.34
5.18
84.73
36.53
90.8
31.85
15.1
15.69
4.76
16.35
78.36
15.87
83.3
81.29
50.13
26.97
4.0
89.83
29.37
77.7
74.1
18.84
22.4
74.24
0.73
32.82
60.98
22.13
49.3
80.63
64.65
89.92
98.84
98.15
17.9
47.62
59.2
80.89
85.49
95.71
42.82
74.93
4.68
38.88
81.31
80.44
69.77
79.65
35.32
15.77
45.76
81.67
43.87
47.94
81.48
60.78
89.26
13.28
40.45
75.47
71.2
76.1
10.91
82.54
79.88
48.41
13.44
42.41
41.35
95.2
94.36
31.17
59.58
88.8
20.51
50.1
0.31
17.23
35.9
65.63
16.39
30.3
17.34
59.35
50.8
61.43
65.38
25.4
86.51
24.7
43.68
55.27
65.2
76.68
44.7
47.64
72.74
58.83
67.77
12.86
46.7
70.98
26.7
86.29
41.77
3.23
66.95
17.22
42.86
75.22
71.77
60.29
54.27
41.68
86.13
1.29
97.81
10.93
15.57
57.56
60.73
51.11
69.52
3.65
22.96
71.13
45.21
16.56
48.51
27.4
64.56
57.12
33.9
25.21
6.49
23.6
5.64
42.79
85.81
89.67
50.42
55.54
94.7
41.47
60.2
71.73
42.15
26.24
23.28
49.52
29.13
12.85
76.3
55.72
56.85
80.7
18.98
67.3
88.72
87.29
62.4
51.61
97.83
74.4
89.28
97.4
61.61
8.93
74.1
20.84
85.7
14.83
89.82
31.8
31.45
62.37
16.7
53.55
70.97
99.65
5.21
41.35
86.47
32.57
37.95
16.48
82.94
16.51
15.49
2.6
95.35
49.22
59.94
11.49
87.88
34.51
83.54
22.1
1.98
42.73
97.71
13.36
92.87
77.44
43.25
74.91
34.69
0.39
86.37
53.98
3.16
84.97
8.39
79.86
89.88
97.25
7.86
31.73
10.61
35.23
15.55
9.1
34.23
93.35
24.29
1.99
79.92
51.9
48.4
67.73
10.51
50.76
74.3
41.75
83.55
9.0
24.25
0.31
41.76
28.9
91.21
5.6
50.36
69.63
47.33
74.2
15.43
79.62
98.48
41.65
52.28
29.2
20.22
78.3
68.68
2.73
0.5
27.55
31.44
73.91
47.41
96.23
80.9
46.95
27.14
84.33
24.46
84.29
58.64
79.96
35.63
58.79
56.6
24.67
11.23
39.3
61.47
8.64
48.92
9.28
75.77
52.88
45.46
28.66
23.1
75.97
17.59
94.71
60.13
79.56
45.99
58.18
17.58
21.2
98.48
95.56
3.68
31.23
67.81
96.78
33.19
18.66
39.24
31.87
33.45
66.86
32.55
56.48
98.19
68.24
6.86
0.36
35.93
67.12
10.78
89.93
85.6
