04562652950
45541980829
52826373111
39642655776
93012562887
22671552265
73070200856
30434667426
95555112065
91823665436
94864853105
50489228476
72369598911
52425041701
29095979624
86485595433
55350584133
97728422978
11974087455
62897218955
35065839804
11183138684
34828251786
07016451324
65519099594
26012168599
19135905933
90196821610
59414603614
22219865184
14046303350
48565612651
18996633898
03101368561
27416363625
54528729898
03434288898
72990515865
09959965552
33273909851
57488443272
09131471000
93088502740
78810308742
79136634570
17972663963
97360149546
14814207935
09352612510
72031926264
11605405536
88772627892
78853891932
01491069040
09107908505
57170203739
21369272707
82797379130
75260677032
41889286106
36883208586
09057473144
39666709982
46950866664
80095484606
27793860905
03571002499
05598090338
66169179202
55473673040
77710019455
53664795349
76530691880
04031974453
06034369185
71960874528
29882675071
94112058573
93876906760
49437304006
39790030549
75199211879
68946531086
47337789176
00641631866
82383281525
11402234924
64878398496
28177943938
81850923071
56251261025
13836416414
06237421361
95081552989
51269147574
38775399504
76487916104
57168569076
81900932641
80419394348
44219515863
64800912622
36077263030
07331748742
86482732761
84313754534
42374952378
89084374789
76513515820
55976821112
35054394465
74348784097
94244857816
43529162002
20339472034
67895992499
51215217977
11242038653
90951234233
12259210938
49750071445
38014781388
33044306964
38282037034
94468912714
39970985704
60684860576
92706168117
82794340330
73232911310
46811464399
38116199859
23404355022
48696179712
60207022430
97745329960
34692286683
84692963514
11548523676
09158215879
16901038051
45469048417
52100053707
17118503453
70902475419
24643214720
54281738548
34746344074
54385657895
10301645335
60340777534
00648906928
90575599093
30254338123
87648859129
46831393253
99619548998
24222403005
03464995262
47333703552
52553358525
82341537544
77876170246
41735687520
58366994472
06677595679
59449438580
56928667075
20372825020
33692885630
18673683432
39297617705
49758326254
27628410069
02886986540
43849132489
83622883174
29224876208
83235196876
73243456535
82051229331
65195791986
41058191991
96105505969
82088888257
70042321145
62096802271
68171804367
64096576629
40557122927
17819856064
38127581510
67661424508
07652320668
66445955561
44386980337
71589947531
57387066180
36166044881
