84710641865
92859749831
50906187372
28920086908
81063541722
86556557669
28721565603
75965181911
95514002826
03208198738
92874061958
60483127434
72869954953
19951208437
31705303497
11640541605
45898163112
16007731645
78821751860
64244167020
80522184692
85080285135
57442012215
36991470924
70261621108
13881045520
76642795498
93609850186
56480700514
91776663520
88172571582
35144947751
35500450371
78961400967
10011676678
39964556014
41547986007
25816072871
93862240478
37245107674
63305386709
97401107967
69097523733
83417800960
44782451936
59703898206
85651377697
37773904883
71463449307
64315226541
04066365570
31373737501
14899865602
60063877394
04371626438
19450483618
78377984282
49456390285
11493100396
38895795209
80457666216
75783531067
89234354352
50309198205
10074670822
96446789332
49061258269
80679596919
99180076861
98868913866
79450265111
35063981655
90406066842
91793809638
08671707303
82107574007
27865087034
55526145322
47522213939
68562191150
58688792714
54772557179
00196878858
03080255789
71066278796
37529373176
45395365804
69336125377
05655797257
08694389651
12585321005
33266507170
33980045408
54997712018
71391149489
48884517534
76994954541
63835295427
68056095311
91423296379
95417759310
64236859799
40921280867
98630680524
15000051083
73918555112
47064550117
11548943112
50009667495
57199980237
47380113327
32686025173
63648702092
33890365787
29759449591
21509086316
55939884178
66538868120
92769987788
48208391557
33943851906
06686002879
90364597214
72432458018
38913865200
92486223313
03199924620
57916826848
76982523310
87655034436
40226482099
08042621678
08974257108
90696587948
92521107982
87260006073
77754835085
24169740852
19230686103
70362133342
24893828904
12324946860
24252002277
10296737692
29178540420
91749376596
09573880718
33767311567
63067255155
70550354264
41123017988
01748984622
90175176882
50450527706
72792972450
83173359364
08847265414
77114311340
03449212654
84801688360
58421870980
68451734746
48287095199
86237263370
53800225189
15066538370
52263618787
77088622657
21068230670
11107893789
08678434073
05924789427
21595619233
97258702454
80476081896
88168278565
79791902058
62679743551
80420589164
88259739941
44304888333
08733991249
86453991676
72437006840
42309636804
94309395607
94960292820
55486777489
45390375957
86959075748
47559087950
35877967903
85438847422
24793582354
70206387486
50497693562
79191998480
82227628798
79102991105
13815535965
49713566329
14541086415
15656886138
47267340270
74919111327
57004510055
92405064300
79670464987
64194739020
15353354689
79545724118
92132886354
03998029679
97535927625
32712734291
99437451248
15403703933
44865962624
37694476568
74656278247
64451600150
50464694282
49315842229
64201191626
66877476979
21049316836
86665634165
67481332772
64790668845
98299204224
50706289522
88874068199
56693674944
66705059128
13827800214
96458013338
56895643656
47028422770
90646906333
16890027361
46513227955
10233277762
26443507246
55819577734
43814964515
14674898874
20582375620
49916476208
46755236466
53125456814
28107835363
86688452174
60398511236
76966138238
23020564074
90810987841
73794035584
15087811607
44779279600
92875422992
93108076618
38970252270
41186792008
98947355812
05878175694
21679153406
38039898203
89298546098
14857703104
86489329279
44413400420
14878272924
35153576504
27474464095
28638482412
92835226148
99012095863
85985603886
76699939831
59873554967
81687483528
57883837081
08838125314
04215070342
02478365455
05235670634
32822440857
83508625953
57716777902
49656529796
26385593932
82754613758
56319954363
81774204792
50104901321
32891511607
96719800379
87035425495
33370473026
88747026459
42659235379
02966340998
39445960040
53797287991
44460699916
32564376246
52673907117
06075916774
16349051258
98883433301
15787790247
82372136361
12512672793
39028682168
77637578302
78420393656
64107984512
69735058939
27102501316
86091757103
67564546158
09685976441
63348959353
84861939906
85035750352
26690438516
81610797557
00410394348
41470999307
37681031471
61301433953
76590331444
00828181266
66851735080
00670394917
07257254255
24131787561
00158094879
03296600079
57072804567
34754172574
19222704059
38169854728
75362101707
71355842347
18770159410
49873173069
23381451533
87844361895
22343443083
05940719906
86719177714
11476099149
30059673779
88511523656
84782208694
06116957762
32933858554
67290186774
59670227667
27274419021
32368878194
18238957441
38172970942
44841086915
44117400302
55768800368
22597505416
22085753829
05881565862
57691156382
16857000548
65368468473
46386086425
10587416021
68568448906
39694902005
09913739295
11105916781
41699124667
58003926202
33808420626
28078136399
98830297352
03741012592
20738699373
60154603781
38009301371
48623616418
30423839527
23736798358
64015104812
43181276373
03956544246
56392597312
50753517509
15593843966
39311785067
45098422878
73203199630
94241279366
05180469931
23907758774
42901604288
92080268133
36410372801
31877772403
29581337652
49856664895
72696075526
45862740209
88365389066
57655906912
91873158772
48692669610
07937921223
92885648017
24052750343
98030377429
40719610034
71288557017
20887426290
42916452441
51581470745
40010875900
95168066583
51919428059
46861168196
42333441455
61029118003
59520069327
78044770269
64307306015
45729073443
78476924455
84675407865
33049743603
97489692241
34912245306
73429471221
64593931133
53324421259
83612157234
05764999375
90619337607
01187942466
64001330020
37204551166
66890613870
40027495749
97753884415
26394588159
06157256115
10784140347
71274298648
26571795125
46071517659
40235317737
75047970383
33296227208
04599498298
39648032826
16719957738
87910913161
98820419820
49549738022
30479113699
83821606926
04529538802
68375608963
52177619681
25161646260
42956515442
77746262918
95613918291
49632239948
07011347217
70571676855
41813680671
39803103276
54354985829
47220544790
40614841931
33329711752
48380884095
23532962766
49965609609
03900940384
43803144055
57682256312
25900109235
89415130385
25629944388
63502390004
34071025392
87565729514
27628070531
11191753745
79208864836
20727689797
98037698463
40144508329
07296063608
64718707722
66210845623
66081684716
94177277357
17126493668
19185325298
69061176488
40614024667
31938841365
42236558420
85340544626
03310181250
82717323461
03687973999
56458415814
70397317610
20616254839
27552721055
37427565953
84303326991
99954700107
52780732654
93751020389
61967499169
34318971674
46823821670
55878224778
76068995134
05774062976
31320145928
37326580969
33781882444
68763035662
01219784401
17682795614
14980919731
42385753115
35089882722
23552385774
80505287816
69716857713
46924274477
85526143705
03301228225
67122490932
46258292211
84930506202
46406173873
26880643247
60875765146
56173169616
57760411356
49590411774
82911569946
52616135098
23969135513
97835366207
85576814732
15939999866
71074023805
13362042331
02384236964
09917661234
06302903183
00043210970
45791946891
91376814905
23623001477
15406359584
71389291748
82453568958
30562650312
15248220435
06456912074
69977907908
91512048048
93881479161
61261259350
94929224150
49447935758
41506993816
96788590024
88752369638
78984737715
21289359127
63395060030
86491112166
62765148836
62858963747
38042600593
01140347953
03364796242
78144287669
39909400653
88801556128
86125809100
42340246679
04102402820
24006179466
01336377825
75598472563
21781097473
08651976229
93893494816
58233852166
62094798549
97720937171
10125478796
75086587265
70389886814
09278323731
08037843679
85722720293
77762510139
15988236076
90853276952
56622470504
84778503706
64534850946
13253108243
90964608570
11982948883
37388574685
67118572620
50692533811
00722200577
27794128326
97587409093
17514400163
99208855547
10308459935
97320671699
64002976272
39296520731
34060344228
83780887342
95797575890
88618494869
77942899243
32274222802
72443467084
70936999888
29281048629
35854511690
20531122475
63032850286
50448843467
19386596809
20555163724
40407725970
79930193459
66845411999
04960927568
79339388365
74881771409
96324226750
15924847993
64093820757
98556826751
06589045633
23226346805
18959093034
18067042968
81875660902
33651210441
11860951818
93577775221
12801927998
33176340391
60762873188
51129010668
89776401887
83545703792
17688419408
06926130583
61152389045
40763263470
66701161990
20181961719
96806380383
23269292003
14330657582
87363098729
53477110982
36162861124
39539982110
17211447149
12887104565
42744898884
04349819175
71049552623
11651582465
33352323699
39874127751
04841947316
95543174493
79217697893
95570409290
41278424765
22750826841
89258469224
14326579316
13312986329
21241730629
25999455618
19778247891
13961809076
12522326689
11986724914
04983591360
39413592345
55857690364
66585882735
55696987200
43967199571
87623926473
93073641648
85899115008
01354317354
85369232674
72291060294
83490267010
81334374035
61109988385
81660645572
59789655611
61470701180
33569658972
63655288161
76383625677
02733791989
91338573561
44719421179
55994808352
99524540163
09842800908
61288134866
17126489282
46303501114
78080038503
08122722401
79195217369
48586606887
81813491138
31628498854
85174499488
81750396401
52144886673
38512432821
95190408447
66229541567
42352712719
86789376921
48241883238
09914880275
29408966004
13963202770
99831632882
45419063573
75794789053
88379443103
99486535429
16828233026
19358417140
50386866298
52619795810
52435083687
80774226195
91207100164
89108846049
61682505620
24508329160
66490462152
32679859029
55453605364
05232109337
37160592231
10464724875
50599377134
97993313911
70443251649
00093218788
63096185346
93167507860
51727810515
92687351637
10983406208
31222899590
90556531277
68432958714
71279703465
88191777356
77155744317
43532431792
95247611978
69840768346
84268097976
97369613121
35457223653
11367144746
11053476988
62215930201
68946936510
25840353001
70425992979
23262007495
36488510063
02902479729
45958362642
40036392082
17135532139
13364083809
29548553780
62880379508
01252999338
96709387934
46585843054
79852725024
83147705329
65931339964
95378408310
76238744041
74739244489
95886032937
65577595602
88030167551
97831825185
65432525832
77241242013
45663182788
75714558940
14232813452
31047422432
30365238763
12870825031
14393137532
69508597719
65544387581
31971758003
55143062675
79697863880
17712021809
25637980946
29284278457
17581683928
62152108305
56724464595
39847858420
55252042399
47862635771
09800823959
90212650872
07908275976
10190328524
70714325623
73121505556
31770951107
89425447332
61946308541
50203275190
56141731077
69230751061
77246727516
41615796761
59303841101
33813976968
97341649044
84621632081
97028658569
72166640468
74665857515
62460606958
81103880048
23501266661
32851831132
30338355406
47782386223
73723164130
60074871139
07037584037
11261863768
53505029931
54363622587
77815530857
38555672372
29345580822
54235045067
00734246408
60281510609
44045658819
71361122878
20907859902
68086019147
90214744518
38714872155
11074806073
43205359576
39082340363
97323700101
55056654415
25575073262
78801711262
78725975185
11730189438
09319507375
08579364743
14139451992
81811150391
49097069064
90687832876
05315784432
54368840519
16675002402
92312455700
77232202024
96852900574
26235410178
81784287432
77236137056
00330342857
72634530176
21638408939
55457266949
05197227785
60320493097
17083816058
20054292305
74547541244
85584319052
94970006507
64943688519
98082388318
17453039492
53214561886
58141533406
36013644183
63447877526
11532447236
51701624278
10484036151
39307454410
94689326029
98923190290
75259996543
74671324270
66180582145
85641816343
65347541698
87139858668
69280987674
46181758046
28893476328
16620682308
41003079218
13819594588
62942357550
92004351626
65715134841
78009523394
58837944951
11409422096
98540732828
26987069792
98253826816
88871150410
39118420425
34998591560
28046639749
27450886404
07933053591
73673669227
58250036072
65886576600
22950635649
73590590182
97878171074
83359638479
90354277539
05207314547
01646328546
91920055521
17521946627
31311500202
42074167240
92573168146
46988933786
15382055499
92489187040
39851602219
57359788062
40400590893
82390283247
72112048004
48270993211
21304227685
62630208914
12106690145
31492725034
87546371341
60537634621
22426049344
91928100063
21181884093
99441323109
91773361033
40983723287
30958373895
95890976465
04715867538
49655849379
41685908580
50236685256
39729048471
40611177427
46049043254
40942809031
57720959329
74637278070
00178089243
24074072707
79544528567
71097450481
55683905445
98640814111
09904071702
55381291049
00725048286
35797333802
10758545673
38470142551
96605032947
88339833764
67136931866
77490127849
75890061297
37108454257
09952722536
22878099018
55998709149
16803432790
41884055900
77691667974
93861143176
95463509531
65209736551
69257666102
65154595308
22070363582
96445796953
35441464099
36330258363
79556275564
69461205882
22687004356
93259824367
80518919725
82035774674
17225223053
06658339934
11642025291
25910405005
49908015548
55413739473
24507044404
36077278897
79374610382
13126343234
54750682274
87488528023
35598531832
51186366998
74161289195
82661122418
01498758442
87294282068
75911079453
31443396397
90582854607
53462231713
47830493446
18055351302
06438825455
38277096508
29374613331
08591760993
92949639120
56435608317
56311298530
44339374489
88277286250
68859578896
09147610242
07786691815
07351164117
48442740529
98452845564
04303315199
75702428526
97741026678
00372675789
36900425129
54049500324
09895953382
20005455364
01725126966
66770703658
77844275926
26684437401
93598005612
86923977967
68645032945
74716512439
73525852567
56635913622
41497605328
94301415366
57185573863
29910724395
46497393283
17711190477
38709855854
02939940664
09263877150
49930241445
52646617126
43368483386
83286592561
48620003488
38742809762
32999219278
25799396534
58379757057
91737799651
27067938987
39345842342
03621367555
07295711749
49156912715
36507899831
92035795164
16903777139
51870389851
59121784841
52903283254
93376467617
66074635194
08414459792
42985857966
87981548200
40746320804
64503357104
78966728852
27834701644
78819614270
65552174638
04435162049
16627033519
90106463227
38277577946
70973448301
38821208999
77788368681
35097736383
57655610149
95792961144
90596564662
23100166172
76726720404
97398320087
96824811454
09820380841
42359572264
81591245933
27965712905
71818604412
01537370174
66068200004
28600961846
65053088018
73352417922
25510367655
30703925374
97370403882
82522321181
91145553987
67077943866
15656510567
63668328632
29775387366
77527842044
96945467030
15939331189
58268760454
89723536712
26170158266
20087827273
35838458716
97526699535
13373225856
93660237462
76106822014
56504418030
07014629026
62067205883
09559955452
60388435567
96076650721
67241969272
89245343564
24996410455
29799034745
55343082066
48409916021
08020142418
50937935136
31516665555
58783048890
16022778975
43926216020
97479116508
47349757307
42636882132
09998239737
25393738702
40808690087
14969538834
17853023173
97960328276
52406896829
03287403223
03642343222
23640950894
52626307026
28550749066
45260405683
66512942544
84375051067
21417959869
81592324344
01731442081
47265273125
23919753697
41742011304
89017180327
27959760583
08669353706
34867922860
32820489383
81557990407
81752739335
32744306961
79733627916
52367704039
42002282983
24117434833
69904752197
68782360714
37646681526
59839900778
99295962467
39013499720
33308628500
24415995329
46226071770
88866174708
79552168531
21712901451
66229651518
31438866581
82294915043
11767259763
07833660651
65983071527
48156919453
39169983816
06783385817
41717396901
13195211884
79894152836
49800476255
13727042101
96218050521
87309344592
74534921515
84456184450
04447684623
58718045814
20605874096
48691741258
39469319906
51908200901
92955316533
22723518781
64212846787
00955303638
02868860849
13908647548
75350300170
55993192810
02424300457
40273003977
85202237756
52605689013
48055992321
23298271125
81579825646
19900868005
05921615420
85635044947
70953261986
84237712955
73125040513
16545927587
47822751903
67624397650
75332062697
84611310904
27364552800
06963735971
43098534334
29811794425
20398379655
74134753329
09283103994
89783759265
14293637416
41301128105
55718680504
04629431922
31763108103
54183840580
97807615861
91531244554
51884237186
32530193224
72029354611
21558133402
67800528434
74809451705
04268321066
29369697257
17581858973
05840536099
10063593872
73731350020
45198187596
06994732020
32710270278
22275499076
25703248373
23631786988
87202280591
06527817373
91794262146
87475880025
65769030585
42789578063
23216546506
65150567638
22045875835
07804065706
61917352260
38196855932
73920909000
60514583495
28709806308
07036819097
21273293585
51880677277
57258554626
27068972110
18997908883
75547162244
49072135808
14441410735
16398592773
43908845162
42903029626
71555516658
11190134643
40199593319
27908624250
77608124778
10874402179
31765158603
18322611767
83930702780
59693818734
10196469350
66183705620
36873594625
78121686868
62227193174
00200867683
08000701855
61546668937
75367888228
79599998598
46455977238
44850445957
56899592758
71701008590
95082742187
48046739669
11527190736
64442222646
56243770337
76248281071
27489320049
98048682524
95076429018
11406289148
40474079955
33737748610
08426445224
48632593859
51383383824
00760813652
37569363078
97193986108
31027430436
71102457480
13988124194
79025375200
42663950343
72126283737
63827020800
13257133664
18051595147
14348171187
20464393831
27324677045
45841325103
53952299882
96303953635
70256445494
55593851133
41884273579
65219791963
08059848864
49845691775
19482228492
43149805098
71750719929
02562679394
66076953172
34060164368
70415427172
06914976581
85214347353
95767072880
30805045305
37603567674
73813948579
46767324766
79546024548
66966304657
74444246069
46670777424
65850607068
78857722605
30583476476
64416259613
71911021028
14988073695
91328696269
65707987891
75060098168
15526357386
30563763126
41138631707
72531844696
11024896971
72843691683
73297183732
64210570184
13221576668
48533321720
58265662824
05177870271
95153491315
24486359112
26177442885
42098624824
92984454624
79572388054
67289605188
28970432763
85294604204
02744995106
43232434783
38474914858
10115399314
02476991510
70204281425
00629800854
25411459774
91408807861
61765913969
31071871569
87480145441
79555988944
06882192691
62032584567
66974225147
43333423828
57071883835
65586673067
95885242959
88619280835
66715426597
55077024593
13039212258
52707028691
36590309098
01343133349
35011624449
09548073468
78462433458
44514651410
03114599098
79640465598
23054711713
96125585104
59680415642
59829422519
26307891681
39913475769
79403068604
60607590607
75437189282
19034215369
94245451382
23265264134
17915486862
26242365854
01980175302
77797613969
53524926850
90935810413
30899185456
54917557652
05978276036
72031439695
50890680644
40089657438
16754961682
85558102257
01002168707
39571439599
38612836141
39622272615
57945082151
65513188570
66734108767
20364708797
78750956136
23509324231
01962007458
18181328595
77736519305
45534019339
61859931115
50837166938
74483706070
16928662286
63515992718
93040617693
75997560232
28202502560
81429421240
72134768351
16479165815
95381531032
49143382403
71195999699
01831460822
52849332171
21419240258
72763082826
26788914992
47948873286
92341857049
29667505176
30074737864
43533068477
52673132774
62782163998
23631263380
55265569428
65439718427
44514389353
01806027875
23318995577
73380648222
26112398196
35814583319
15873209945
85377366221
81201277388
90131418038
44930210723
50766847812
62670320994
50334390493
23475811305
66787132086
93907524501
25541408301
04575422368
98164158816
79109933540
30197902571
25500664556
49037637085
73090339798
15952657834
38982282309
66801197822
46263051891
26055997591
15068316389
90733077918
88156487047
54215431923
52735772471
76368309290
31588596703
31955674152
89576365812
39804788957
76994104393
49468984442
76742654031
93404847456
76249235582
74169183500
54603042179
57837287282
45771143052
42324093668
51753083538
55754132825
58517992187
78891679563
99028533106
93038241116
24580508314
10260095170
79560247462
98607774380
39656202276
96408458803
16049417935
30072834109
54242178971
89395708940
06745569562
00277914736
23929868335
65398012327
63181912054
21027458957
31402544393
98004103563
72633329178
21058443049
41101092931
12652688655
00588420175
85723632753
53225212259
15481420760
01505209865
61353702517
98889265240
27200043815
90622512334
57651518503
37073999573
91449175647
03759167778
51074435785
68561808302
36342829113
58525895988
81413260536
76349100721
32308783802
99027577781
36648590180
03179391398
80582829706
65433080408
66502338156
84886557058
98206497903
41234369574
64231598634
65978856632
62849491071
84497548239
82567864561
25366751177
00543805913
04923936056
36681547924
99832645374
27625827727
17356651991
44186806497
41161223543
39433707492
93942027865
64985786865
09595686766
73593151534
66588129446
77229885500
55349348847
97509648763
13958516518
72986225299
59624430508
77703851778
04452001220
38598762875
81295663376
32784395295
08196330502
03901614291
15134500169
80049117562
55913025879
88904910638
92590304577
23939305034
83355083352
45217513941
22514017390
51361992584
77912364422
14603278683
72999131140
06242513817
43192967172
46439455436
24646576466
55347960066
30723989171
89413349140
34971131139
25254896439
81227662795
08008079429
72149941325
06909965777
74136438556
57141889838
26586576534
39324051281
53954209442
23072283279
58158322771
67705966659
15108165596
02780321160
22630034845
26203732939
64069092625
35304714910
14420456722
34909535354
74726592662
27808637662
38901931925
03284657533
95555288895
47443911476
15473296912
18380005644
18212619053
92767514670
11297719819
01250874882
86950975290
74964155863
47817460526
50921039321
27149402159
03303758252
82780801628
21324580842
52675435385
93894058899
38008866659
47920564526
85940880811
19821865761
94010339317
03184638689
34317887415
41537721080
83689035705
75120980855
30330779476
12140443082
43282797529
37948716505
91284343600
07784049148
14533121166
32710289795
82963054896
15524488014
69823682050
38489883198
50530130024
03310053519
01838080633
24273944956
28212177406
95199100018
94930481301
37935383321
87662539990
50550270836
86452425457
36360973625
12660262029
14348810223
02379221513
51410233012
95293274411
24483245676
50850451419
80459000561
57883871726
32752843291
77305133031
87875182383
61632713640
17982914162
76452862421
64427341782
97161521492
86913794196
06358481425
20876107545
91106377611
67885399683
08186677647
60276304352
02893296412
88524558044
46292531088
02902042236
39225837403
04567062011
63454029523
00969580776
73033354490
21634451795
77466991449
01896513367
69098382142
77836057659
33752725850
43010609096
21164060267
92916472933
88188766404
41163635852
48898424590
55447592075
35475488823
14465299301
26227896624
70288264067
16054522057
01079359031
86611004555
47572399526
67072465490
92138150103
54574526674
28742224802
85122661692
19671076545
89614629825
67561819264
59004164046
75510277065
01682584722
93281249405
96612161208
01990738707
05009264486
34837683906
90854512956
11395862222
60400730291
10100816747
49717779157
38087859315
57037949911
07080733728
84735002651
42407737280
73335078585
27748786287
67382809904
14416179589
63161412453
96889557663
26497211345
92361134435
86043005951
97262245625
11711040866
07994384587
31131773642
67632340728
97891414140
93417056884
69177953569
44976222065
75179029725
41571993710
42538096109
46117941390
59281842985
95889077288
77308246192
78576141785
00684831820
47222402765
30802925236
84482120777
41893286833
26282415052
57066478311
52181686837
56387300269
33704007915
68227397686
12068827339
14531149153
45167349903
10642298247
25791569524
17433108406
42145720801
75058853324
63085110851
43947431015
86852348240
23314279465
06052999525
16093337909
40071124771
83213924227
56086426501
13302287203
64651579873
77975175205
51890618831
15699908239
66860858428
79968125597
91870049285
50757510537
24035244765
43557017018
13663067126
95971769460
61531138277
92813658857
69685012673
59026440744
30618062556
38095946805
88105848797
47897223229
34567778609
34360738712
45759475476
90911450409
23988237180
99632429785
81905974959
81961093729
70107814072
24009070192
54948970722
97487750436
66753700549
05036801799
69127822399
67490370833
09668325524
82854463434
02718375086
80322513427
29954063595
65999153609
61327716141
27587476395
89252202537
54939244465
02388176177
78023416235
97732454757
24068246134
20419989483
01185569335
07205127108
54787418594
68438644826
26386724424
29803112572
36422252838
80021660072
51929644644
60991659486
56828508179
36020914070
00285586303
23490386576
27734603678
04636174941
74420927719
19872452839
09902225041
41966067294
75607845641
47283755268
43050600086
21228506452
40592058384
80330222482
02052670878
75952577157
39243527696
45583849943
13148875733
84313899392
04261331642
65146327956
43631148354
75811759021
27822184952
46759223427
10346626334
86690715568
68601724263
33582039486
66155452110
62114981291
75361745048
17708372558
60787951544
75037996576
78781137940
79668128200
38949788918
54462315980
00498154618
72949619239
11326455739
83497258934
53150818007
96854793987
57685327106
17694101567
25704628311
69190436422
88550366057
56968009173
71614561233
62799919510
35067946721
37626270370
15782979516
05571831095
69514205669
43959556102
22834639088
92538706079
71665448411
76438567282
87684971944
28462740184
61316273576
63958312703
29210388548
52702629167
10940176942
03724147973
08153410685
04113678259
88866848346
61645465059
81692029126
65690049379
22103596982
93085467628
03142864284
70925034840
87200650710
57142600084
53650692777
20610935693
62157339388
40138565368
50607905817
58102881294
94034615624
19281913002
96773925659
99549017807
89978000111
49270521280
76473306639
76575128817
51853407385
06402835495
98927512483
19879695714
59537879657
49105003940
94422614636
27700968443
27680799207
09485897044
04011107883
42904278131
91980804978
97087737205
62178122125
80469088304
92789781787
82833804329
43583193161
44734921452
33378088724
77930979393
65228402587
49533504351
21189631789
31039800118
49790220657
97277072299
03921043539
80267122047
24863373539
88126192156
07915615257
58419121568
67908655800
40055265166
22632934026
93910682632
60122743531
54294700635
40889118823
44024255008
68212681110
42484947365
22610473246
75336800563
54255547159
28131944183
15779270410
21077177509
86289072047
04958229697
86460923612
84844694968
35966912595
12484427694
81641977695
57273458948
74440186411
50098636310
46166995812
57237107873
67141283573
13506470949
12123216626
65124228210
36314671744
11195427956
92166194740
04116774159
39227959459
19676758695
28796246413
87220545423
29645400180
18243477267
74390919381
86866060715
08468391688
24578927975
41737413936
01351762361
22338444092
57090002136
46172846596
17460932701
20448929092
65806278057
24785008855
91463361113
37830515463
44266119356
99590444211
99807780490
25345445246
48678468572
55344722374
39639890368
31811612787
36548778055
58219883047
74924176425
38952162105
68223836560
04956804156
55397218028
95180885388
78250119571
19914935402
58668251450
98412249884
90327890840
56250381296
65068331528
07429988334
54028381778
57638653236
18155666732
28551216494
91440820778
12781839717
83725660515
93675610119
06023619553
32457847876
98233043880
04374741462
51767533269
02177183279
64009013444
64562317697
41698685588
69709398676
86498326162
68020257989
00684678359
31799548823
39570267577
45162414450
32170104240
85859923409
01349994196
26929570903
19481342734
49611898562
96027520502
63396774931
58319802409
29418038378
10823419890
04902125760
64872892292
05316851279
71680766436
85305143542
18574764967
93995201004
29265017745
95380935333
58047119843
44278494300
89538445392
04842448857
44565351865
63966845272
18187551967
49874812320
64386233992
15714528014
97067624199
65739779868
69401059711
52294834018
99092420491
58484755961
79961886556
52905790056
35625858346
64592879527
91646740529
74563457006
58696020637
53524948400
29164658001
28310221036
47041500465
63294295553
03572970149
69700105796
71614545090
54960572520
54825698129
83955495843
55591408329
53430363093
29565966743
87544543222
57774150858
72363420253
42226681478
96545114456
02422288171
36581468058
61074752373
30459580840
36779944527
61049479641
03679648119
99740317371
95012109077
85035407392
47182190014
89800886563
64538806917
49516720492
18926328626
85352887290
02714226586
14095944806
45734722788
03968368592
98598231550
52085192193
86578566548
12665568671
70521855315
54727985976
58813789096
91473758738
39510913027
38377547333
80481217559
42877455417
39910689229
74373275059
18517386067
20963221231
94567332194
31021361313
90982435110
27101864931
15498063994
37044919281
90838018382
76789329652
70763957760
94141308897
49295492894
79139074667
75235936152
22158388145
98999027888
48322207626
68545923555
70620813910
18268438302
87804868828
33841758647
23103643221
33131675963
40924610412
34047006171
48315535020
54984645810
44086833641
74185967423
06859958280
49152494346
89440932505
50671579669
33173598527
49064883883
32821418070
23193137131
75809503526
31100872683
94594526499
07126614389
17727577708
19716512219
44348779751
78522338405
88683394386
37892941716
79530549911
42900076900
87254667746
18465604355
81865632462
69122445675
00850428415
72608344287
03710851345
04142501907
93317257336
91745460281
50757955942
90549461872
09200611992
20070645256
23052285028
23449078219
33686358832
36910663857
27869681595
51087399580
74870022582
45663417308
78194542395
16708656987
98988138841
57111672379
84574124236
11825471348
77086202211
59328533880
92515156327
95373870314
90556649392
08088697556
05434563984
67986287249
99551335089
81306794656
78702323002
61350783416
59978488579
74254347657
36537931267
42856870232
20462240992
90922961306
13948754916
73150564298
01218758239
67875336876
49805617314
99151821284
22063502361
30880646928
33106009274
16526319706
25177712756
98483743277
38449866369
70850812362
44687645357
80166911989
10679786979
22729574027
22340984562
21480571954
62733855363
12812843214
32864925925
03243470822
47799842001
42899645928
22159114783
17622239276
61396494369
94531634065
39421434143
24042627336
59012336159
35620724632
61737564004
70258082912
67434749459
36761042763
24506679238
65557391781
